0.00	0.00	0.00	10.00	0.00	1.00
0.00	-10.00	-10.00	10.00	0.00	1.00
0.00	-10.00	10.00	10.00	0.00	1.00
0.00	0.00	50.00	10.00	0.00	2.00
0.00	-10.00	40.00	10.00	0.00	2.00
0.00	-10.00	60.00	10.00	0.00	2.00
0.00	0.00	100.00	10.00	0.00	3.00
0.00	-10.00	90.00	10.00	0.00	3.00
0.00	-10.00	110.00	10.00	0.00	3.00
0.00	0.00	150.00	10.00	0.00	4.00
0.00	-10.00	140.00	10.00	0.00	4.00
0.00	-10.00	160.00	10.00	0.00	4.00
0.00	0.00	200.00	10.00	0.00	5.00
0.00	-10.00	190.00	10.00	0.00	5.00
0.00	-10.00	210.00	10.00	0.00	5.00
0.00	0.00	250.00	10.00	0.00	6.00
0.00	-10.00	240.00	10.00	0.00	6.00
0.00	-10.00	260.00	10.00	0.00	6.00
0.00	0.00	300.00	10.00	0.00	7.00
0.00	-10.00	290.00	10.00	0.00	7.00
0.00	-10.00	310.00	10.00	0.00	7.00
0.00	0.00	350.00	10.00	0.00	8.00
0.00	-10.00	340.00	10.00	0.00	8.00
0.00	-10.00	360.00	10.00	0.00	8.00
0.00	0.00	400.00	10.00	0.00	9.00
0.00	-10.00	390.00	10.00	0.00	9.00
0.00	-10.00	410.00	10.00	0.00	9.00
0.00	0.00	450.00	10.00	0.00	10.00
0.00	-10.00	440.00	10.00	0.00	10.00
0.00	-10.00	460.00	10.00	0.00	10.00
0.00	0.00	500.00	10.00	0.00	11.00
0.00	-10.00	490.00	10.00	0.00	11.00
0.00	-10.00	510.00	10.00	0.00	11.00
0.00	0.00	550.00	10.00	0.00	12.00
0.00	-10.00	540.00	10.00	0.00	12.00
0.00	-10.00	560.00	10.00	0.00	12.00
0.00	0.00	600.00	10.00	0.00	13.00
0.00	-10.00	590.00	10.00	0.00	13.00
0.00	-10.00	610.00	10.00	0.00	13.00
0.00	0.00	650.00	10.00	0.00	14.00
0.00	-10.00	640.00	10.00	0.00	14.00
0.00	-10.00	660.00	10.00	0.00	14.00
0.00	0.00	700.00	10.00	0.00	15.00
0.00	-10.00	690.00	10.00	0.00	15.00
0.00	-10.00	710.00	10.00	0.00	15.00
0.00	0.00	750.00	10.00	0.00	16.00
0.00	-10.00	740.00	10.00	0.00	16.00
0.00	-10.00	760.00	10.00	0.00	16.00
0.50	5.00	0.00	10.00	0.00	1.00
0.50	-5.00	-10.00	10.00	0.00	1.00
0.50	-5.00	10.00	10.00	0.00	1.00
0.50	5.00	50.00	10.00	0.00	2.00
0.50	-5.00	40.00	10.00	0.00	2.00
0.50	-5.00	60.00	10.00	0.00	2.00
0.50	5.00	100.00	10.00	0.00	3.00
0.50	-5.00	90.00	10.00	0.00	3.00
0.50	-5.00	110.00	10.00	0.00	3.00
0.50	5.00	150.00	10.00	0.00	4.00
0.50	-5.00	140.00	10.00	0.00	4.00
0.50	-5.00	160.00	10.00	0.00	4.00
0.50	5.00	200.00	10.00	0.00	5.00
0.50	-5.00	190.00	10.00	0.00	5.00
0.50	-5.00	210.00	10.00	0.00	5.00
0.50	5.00	250.00	10.00	0.00	6.00
0.50	-5.00	240.00	10.00	0.00	6.00
0.50	-5.00	260.00	10.00	0.00	6.00
0.50	5.00	300.00	10.00	0.00	7.00
0.50	-5.00	290.00	10.00	0.00	7.00
0.50	-5.00	310.00	10.00	0.00	7.00
0.50	5.00	350.00	10.00	0.00	8.00
0.50	-5.00	340.00	10.00	0.00	8.00
0.50	-5.00	360.00	10.00	0.00	8.00
0.50	5.00	400.00	10.00	0.00	9.00
0.50	-5.00	390.00	10.00	0.00	9.00
0.50	-5.00	410.00	10.00	0.00	9.00
0.50	5.00	450.00	10.00	0.00	10.00
0.50	-5.00	440.00	10.00	0.00	10.00
0.50	-5.00	460.00	10.00	0.00	10.00
0.50	5.00	500.00	10.00	0.00	11.00
0.50	-5.00	490.00	10.00	0.00	11.00
0.50	-5.00	510.00	10.00	0.00	11.00
0.50	5.00	550.00	10.00	0.00	12.00
0.50	-5.00	540.00	10.00	0.00	12.00
0.50	-5.00	560.00	10.00	0.00	12.00
0.50	5.00	600.00	10.00	0.00	13.00
0.50	-5.00	590.00	10.00	0.00	13.00
0.50	-5.00	610.00	10.00	0.00	13.00
0.50	5.00	650.00	10.00	0.00	14.00
0.50	-5.00	640.00	10.00	0.00	14.00
0.50	-5.00	660.00	10.00	0.00	14.00
0.50	5.00	700.00	10.00	0.00	15.00
0.50	-5.00	690.00	10.00	0.00	15.00
0.50	-5.00	710.00	10.00	0.00	15.00
0.50	5.00	750.00	10.00	0.00	16.00
0.50	-5.00	740.00	10.00	0.00	16.00
0.50	-5.00	760.00	10.00	0.00	16.00
1.00	10.00	0.00	10.00	0.00	1.00
1.00	0.00	-10.00	10.00	0.00	1.00
1.00	0.00	10.00	10.00	0.00	1.00
1.00	10.00	50.00	10.00	0.00	2.00
1.00	0.00	40.00	10.00	0.00	2.00
1.00	0.00	60.00	10.00	0.00	2.00
1.00	10.00	100.00	10.00	0.00	3.00
1.00	0.00	90.00	10.00	0.00	3.00
1.00	0.00	110.00	10.00	0.00	3.00
1.00	10.00	150.00	10.00	0.00	4.00
1.00	0.00	140.00	10.00	0.00	4.00
1.00	0.00	160.00	10.00	0.00	4.00
1.00	10.00	200.00	10.00	0.00	5.00
1.00	0.00	190.00	10.00	0.00	5.00
1.00	0.00	210.00	10.00	0.00	5.00
1.00	10.00	250.00	10.00	0.00	6.00
1.00	0.00	240.00	10.00	0.00	6.00
1.00	0.00	260.00	10.00	0.00	6.00
1.00	10.00	300.00	10.00	0.00	7.00
1.00	0.00	290.00	10.00	0.00	7.00
1.00	0.00	310.00	10.00	0.00	7.00
1.00	10.00	350.00	10.00	0.00	8.00
1.00	0.00	340.00	10.00	0.00	8.00
1.00	0.00	360.00	10.00	0.00	8.00
1.00	10.00	400.00	10.00	0.00	9.00
1.00	0.00	390.00	10.00	0.00	9.00
1.00	0.00	410.00	10.00	0.00	9.00
1.00	10.00	450.00	10.00	0.00	10.00
1.00	0.00	440.00	10.00	0.00	10.00
1.00	0.00	460.00	10.00	0.00	10.00
1.00	10.00	500.00	10.00	0.00	11.00
1.00	0.00	490.00	10.00	0.00	11.00
1.00	0.00	510.00	10.00	0.00	11.00
1.00	10.00	550.00	10.00	0.00	12.00
1.00	0.00	540.00	10.00	0.00	12.00
1.00	0.00	560.00	10.00	0.00	12.00
1.00	10.00	600.00	10.00	0.00	13.00
1.00	0.00	590.00	10.00	0.00	13.00
1.00	0.00	610.00	10.00	0.00	13.00
1.00	10.00	650.00	10.00	0.00	14.00
1.00	0.00	640.00	10.00	0.00	14.00
1.00	0.00	660.00	10.00	0.00	14.00
1.00	10.00	700.00	10.00	0.00	15.00
1.00	0.00	690.00	10.00	0.00	15.00
1.00	0.00	710.00	10.00	0.00	15.00
1.00	10.00	750.00	10.00	0.00	16.00
1.00	0.00	740.00	10.00	0.00	16.00
1.00	0.00	760.00	10.00	0.00	16.00
1.50	15.00	0.00	10.00	0.00	1.00
1.50	5.00	-10.00	10.00	0.00	1.00
1.50	5.00	10.00	10.00	0.00	1.00
1.50	15.00	50.00	10.00	0.00	2.00
1.50	5.00	40.00	10.00	0.00	2.00
1.50	5.00	60.00	10.00	0.00	2.00
1.50	15.00	100.00	10.00	0.00	3.00
1.50	5.00	90.00	10.00	0.00	3.00
1.50	5.00	110.00	10.00	0.00	3.00
1.50	15.00	150.00	10.00	0.00	4.00
1.50	5.00	140.00	10.00	0.00	4.00
1.50	5.00	160.00	10.00	0.00	4.00
1.50	15.00	200.00	10.00	0.00	5.00
1.50	5.00	190.00	10.00	0.00	5.00
1.50	5.00	210.00	10.00	0.00	5.00
1.50	15.00	250.00	10.00	0.00	6.00
1.50	5.00	240.00	10.00	0.00	6.00
1.50	5.00	260.00	10.00	0.00	6.00
1.50	15.00	300.00	10.00	0.00	7.00
1.50	5.00	290.00	10.00	0.00	7.00
1.50	5.00	310.00	10.00	0.00	7.00
1.50	15.00	350.00	10.00	0.00	8.00
1.50	5.00	340.00	10.00	0.00	8.00
1.50	5.00	360.00	10.00	0.00	8.00
1.50	15.00	400.00	10.00	0.00	9.00
1.50	5.00	390.00	10.00	0.00	9.00
1.50	5.00	410.00	10.00	0.00	9.00
1.50	15.00	450.00	10.00	0.00	10.00
1.50	5.00	440.00	10.00	0.00	10.00
1.50	5.00	460.00	10.00	0.00	10.00
1.50	15.00	500.00	10.00	0.00	11.00
1.50	5.00	490.00	10.00	0.00	11.00
1.50	5.00	510.00	10.00	0.00	11.00
1.50	15.00	550.00	10.00	0.00	12.00
1.50	5.00	540.00	10.00	0.00	12.00
1.50	5.00	560.00	10.00	0.00	12.00
1.50	15.00	600.00	10.00	0.00	13.00
1.50	5.00	590.00	10.00	0.00	13.00
1.50	5.00	610.00	10.00	0.00	13.00
1.50	15.00	650.00	10.00	0.00	14.00
1.50	5.00	640.00	10.00	0.00	14.00
1.50	5.00	660.00	10.00	0.00	14.00
1.50	15.00	700.00	10.00	0.00	15.00
1.50	5.00	690.00	10.00	0.00	15.00
1.50	5.00	710.00	10.00	0.00	15.00
1.50	15.00	750.00	10.00	0.00	16.00
1.50	5.00	740.00	10.00	0.00	16.00
1.50	5.00	760.00	10.00	0.00	16.00
2.00	20.00	0.00	10.00	0.00	1.00
2.00	10.00	-10.00	10.00	0.00	1.00
2.00	10.00	10.00	10.00	0.00	1.00
2.00	20.00	50.00	10.00	0.00	2.00
2.00	10.00	40.00	10.00	0.00	2.00
2.00	10.00	60.00	10.00	0.00	2.00
2.00	20.00	100.00	10.00	0.00	3.00
2.00	10.00	90.00	10.00	0.00	3.00
2.00	10.00	110.00	10.00	0.00	3.00
2.00	20.00	150.00	10.00	0.00	4.00
2.00	10.00	140.00	10.00	0.00	4.00
2.00	10.00	160.00	10.00	0.00	4.00
2.00	20.00	200.00	10.00	0.00	5.00
2.00	10.00	190.00	10.00	0.00	5.00
2.00	10.00	210.00	10.00	0.00	5.00
2.00	20.00	250.00	10.00	0.00	6.00
2.00	10.00	240.00	10.00	0.00	6.00
2.00	10.00	260.00	10.00	0.00	6.00
2.00	20.00	300.00	10.00	0.00	7.00
2.00	10.00	290.00	10.00	0.00	7.00
2.00	10.00	310.00	10.00	0.00	7.00
2.00	20.00	350.00	10.00	0.00	8.00
2.00	10.00	340.00	10.00	0.00	8.00
2.00	10.00	360.00	10.00	0.00	8.00
2.00	20.00	400.00	10.00	0.00	9.00
2.00	10.00	390.00	10.00	0.00	9.00
2.00	10.00	410.00	10.00	0.00	9.00
2.00	20.00	450.00	10.00	0.00	10.00
2.00	10.00	440.00	10.00	0.00	10.00
2.00	10.00	460.00	10.00	0.00	10.00
2.00	20.00	500.00	10.00	0.00	11.00
2.00	10.00	490.00	10.00	0.00	11.00
2.00	10.00	510.00	10.00	0.00	11.00
2.00	20.00	550.00	10.00	0.00	12.00
2.00	10.00	540.00	10.00	0.00	12.00
2.00	10.00	560.00	10.00	0.00	12.00
2.00	20.00	600.00	10.00	0.00	13.00
2.00	10.00	590.00	10.00	0.00	13.00
2.00	10.00	610.00	10.00	0.00	13.00
2.00	20.00	650.00	10.00	0.00	14.00
2.00	10.00	640.00	10.00	0.00	14.00
2.00	10.00	660.00	10.00	0.00	14.00
2.00	20.00	700.00	10.00	0.00	15.00
2.00	10.00	690.00	10.00	0.00	15.00
2.00	10.00	710.00	10.00	0.00	15.00
2.00	20.00	750.00	10.00	0.00	16.00
2.00	10.00	740.00	10.00	0.00	16.00
2.00	10.00	760.00	10.00	0.00	16.00
2.50	25.00	0.00	10.00	0.00	1.00
2.50	15.00	-10.00	10.00	0.00	1.00
2.50	15.00	10.00	10.00	0.00	1.00
2.50	25.00	50.00	10.00	0.00	2.00
2.50	15.00	40.00	10.00	0.00	2.00
2.50	15.00	60.00	10.00	0.00	2.00
2.50	25.00	100.00	10.00	0.00	3.00
2.50	15.00	90.00	10.00	0.00	3.00
2.50	15.00	110.00	10.00	0.00	3.00
2.50	25.00	150.00	10.00	0.00	4.00
2.50	15.00	140.00	10.00	0.00	4.00
2.50	15.00	160.00	10.00	0.00	4.00
2.50	25.00	200.00	10.00	0.00	5.00
2.50	15.00	190.00	10.00	0.00	5.00
2.50	15.00	210.00	10.00	0.00	5.00
2.50	25.00	250.00	10.00	0.00	6.00
2.50	15.00	240.00	10.00	0.00	6.00
2.50	15.00	260.00	10.00	0.00	6.00
2.50	25.00	300.00	10.00	0.00	7.00
2.50	15.00	290.00	10.00	0.00	7.00
2.50	15.00	310.00	10.00	0.00	7.00
2.50	25.00	350.00	10.00	0.00	8.00
2.50	15.00	340.00	10.00	0.00	8.00
2.50	15.00	360.00	10.00	0.00	8.00
2.50	25.00	400.00	10.00	0.00	9.00
2.50	15.00	390.00	10.00	0.00	9.00
2.50	15.00	410.00	10.00	0.00	9.00
2.50	25.00	450.00	10.00	0.00	10.00
2.50	15.00	440.00	10.00	0.00	10.00
2.50	15.00	460.00	10.00	0.00	10.00
2.50	25.00	500.00	10.00	0.00	11.00
2.50	15.00	490.00	10.00	0.00	11.00
2.50	15.00	510.00	10.00	0.00	11.00
2.50	25.00	550.00	10.00	0.00	12.00
2.50	15.00	540.00	10.00	0.00	12.00
2.50	15.00	560.00	10.00	0.00	12.00
2.50	25.00	600.00	10.00	0.00	13.00
2.50	15.00	590.00	10.00	0.00	13.00
2.50	15.00	610.00	10.00	0.00	13.00
2.50	25.00	650.00	10.00	0.00	14.00
2.50	15.00	640.00	10.00	0.00	14.00
2.50	15.00	660.00	10.00	0.00	14.00
2.50	25.00	700.00	10.00	0.00	15.00
2.50	15.00	690.00	10.00	0.00	15.00
2.50	15.00	710.00	10.00	0.00	15.00
2.50	25.00	750.00	10.00	0.00	16.00
2.50	15.00	740.00	10.00	0.00	16.00
2.50	15.00	760.00	10.00	0.00	16.00
3.00	30.00	0.00	10.00	0.00	1.00
3.00	20.00	-10.00	10.00	0.00	1.00
3.00	20.00	10.00	10.00	0.00	1.00
3.00	30.00	50.00	10.00	0.00	2.00
3.00	20.00	40.00	10.00	0.00	2.00
3.00	20.00	60.00	10.00	0.00	2.00
3.00	30.00	100.00	10.00	0.00	3.00
3.00	20.00	90.00	10.00	0.00	3.00
3.00	20.00	110.00	10.00	0.00	3.00
3.00	30.00	150.00	10.00	0.00	4.00
3.00	20.00	140.00	10.00	0.00	4.00
3.00	20.00	160.00	10.00	0.00	4.00
3.00	30.00	200.00	10.00	0.00	5.00
3.00	20.00	190.00	10.00	0.00	5.00
3.00	20.00	210.00	10.00	0.00	5.00
3.00	30.00	250.00	10.00	0.00	6.00
3.00	20.00	240.00	10.00	0.00	6.00
3.00	20.00	260.00	10.00	0.00	6.00
3.00	30.00	300.00	10.00	0.00	7.00
3.00	20.00	290.00	10.00	0.00	7.00
3.00	20.00	310.00	10.00	0.00	7.00
3.00	30.00	350.00	10.00	0.00	8.00
3.00	20.00	340.00	10.00	0.00	8.00
3.00	20.00	360.00	10.00	0.00	8.00
3.00	30.00	400.00	10.00	0.00	9.00
3.00	20.00	390.00	10.00	0.00	9.00
3.00	20.00	410.00	10.00	0.00	9.00
3.00	30.00	450.00	10.00	0.00	10.00
3.00	20.00	440.00	10.00	0.00	10.00
3.00	20.00	460.00	10.00	0.00	10.00
3.00	30.00	500.00	10.00	0.00	11.00
3.00	20.00	490.00	10.00	0.00	11.00
3.00	20.00	510.00	10.00	0.00	11.00
3.00	30.00	550.00	10.00	0.00	12.00
3.00	20.00	540.00	10.00	0.00	12.00
3.00	20.00	560.00	10.00	0.00	12.00
3.00	30.00	600.00	10.00	0.00	13.00
3.00	20.00	590.00	10.00	0.00	13.00
3.00	20.00	610.00	10.00	0.00	13.00
3.00	30.00	650.00	10.00	0.00	14.00
3.00	20.00	640.00	10.00	0.00	14.00
3.00	20.00	660.00	10.00	0.00	14.00
3.00	30.00	700.00	10.00	0.00	15.00
3.00	20.00	690.00	10.00	0.00	15.00
3.00	20.00	710.00	10.00	0.00	15.00
3.00	30.00	750.00	10.00	0.00	16.00
3.00	20.00	740.00	10.00	0.00	16.00
3.00	20.00	760.00	10.00	0.00	16.00
3.50	35.00	0.00	10.00	0.00	1.00
3.50	25.00	-10.00	10.00	0.00	1.00
3.50	25.00	10.00	10.00	0.00	1.00
3.50	35.00	50.00	10.00	0.00	2.00
3.50	25.00	40.00	10.00	0.00	2.00
3.50	25.00	60.00	10.00	0.00	2.00
3.50	35.00	100.00	10.00	0.00	3.00
3.50	25.00	90.00	10.00	0.00	3.00
3.50	25.00	110.00	10.00	0.00	3.00
3.50	35.00	150.00	10.00	0.00	4.00
3.50	25.00	140.00	10.00	0.00	4.00
3.50	25.00	160.00	10.00	0.00	4.00
3.50	35.00	200.00	10.00	0.00	5.00
3.50	25.00	190.00	10.00	0.00	5.00
3.50	25.00	210.00	10.00	0.00	5.00
3.50	35.00	250.00	10.00	0.00	6.00
3.50	25.00	240.00	10.00	0.00	6.00
3.50	25.00	260.00	10.00	0.00	6.00
3.50	35.00	300.00	10.00	0.00	7.00
3.50	25.00	290.00	10.00	0.00	7.00
3.50	25.00	310.00	10.00	0.00	7.00
3.50	35.00	350.00	10.00	0.00	8.00
3.50	25.00	340.00	10.00	0.00	8.00
3.50	25.00	360.00	10.00	0.00	8.00
3.50	35.00	400.00	10.00	0.00	9.00
3.50	25.00	390.00	10.00	0.00	9.00
3.50	25.00	410.00	10.00	0.00	9.00
3.50	35.00	450.00	10.00	0.00	10.00
3.50	25.00	440.00	10.00	0.00	10.00
3.50	25.00	460.00	10.00	0.00	10.00
3.50	35.00	500.00	10.00	0.00	11.00
3.50	25.00	490.00	10.00	0.00	11.00
3.50	25.00	510.00	10.00	0.00	11.00
3.50	35.00	550.00	10.00	0.00	12.00
3.50	25.00	540.00	10.00	0.00	12.00
3.50	25.00	560.00	10.00	0.00	12.00
3.50	35.00	600.00	10.00	0.00	13.00
3.50	25.00	590.00	10.00	0.00	13.00
3.50	25.00	610.00	10.00	0.00	13.00
3.50	35.00	650.00	10.00	0.00	14.00
3.50	25.00	640.00	10.00	0.00	14.00
3.50	25.00	660.00	10.00	0.00	14.00
3.50	35.00	700.00	10.00	0.00	15.00
3.50	25.00	690.00	10.00	0.00	15.00
3.50	25.00	710.00	10.00	0.00	15.00
3.50	35.00	750.00	10.00	0.00	16.00
3.50	25.00	740.00	10.00	0.00	16.00
3.50	25.00	760.00	10.00	0.00	16.00
4.00	40.00	0.00	10.00	0.00	1.00
4.00	30.00	-10.00	10.00	0.00	1.00
4.00	30.00	10.00	10.00	0.00	1.00
4.00	40.00	50.00	10.00	0.00	2.00
4.00	30.00	40.00	10.00	0.00	2.00
4.00	30.00	60.00	10.00	0.00	2.00
4.00	40.00	100.00	10.00	0.00	3.00
4.00	30.00	90.00	10.00	0.00	3.00
4.00	30.00	110.00	10.00	0.00	3.00
4.00	40.00	150.00	10.00	0.00	4.00
4.00	30.00	140.00	10.00	0.00	4.00
4.00	30.00	160.00	10.00	0.00	4.00
4.00	40.00	200.00	10.00	0.00	5.00
4.00	30.00	190.00	10.00	0.00	5.00
4.00	30.00	210.00	10.00	0.00	5.00
4.00	40.00	250.00	10.00	0.00	6.00
4.00	30.00	240.00	10.00	0.00	6.00
4.00	30.00	260.00	10.00	0.00	6.00
4.00	40.00	300.00	10.00	0.00	7.00
4.00	30.00	290.00	10.00	0.00	7.00
4.00	30.00	310.00	10.00	0.00	7.00
4.00	40.00	350.00	10.00	0.00	8.00
4.00	30.00	340.00	10.00	0.00	8.00
4.00	30.00	360.00	10.00	0.00	8.00
4.00	40.00	400.00	10.00	0.00	9.00
4.00	30.00	390.00	10.00	0.00	9.00
4.00	30.00	410.00	10.00	0.00	9.00
4.00	40.00	450.00	10.00	0.00	10.00
4.00	30.00	440.00	10.00	0.00	10.00
4.00	30.00	460.00	10.00	0.00	10.00
4.00	40.00	500.00	10.00	0.00	11.00
4.00	30.00	490.00	10.00	0.00	11.00
4.00	30.00	510.00	10.00	0.00	11.00
4.00	40.00	550.00	10.00	0.00	12.00
4.00	30.00	540.00	10.00	0.00	12.00
4.00	30.00	560.00	10.00	0.00	12.00
4.00	40.00	600.00	10.00	0.00	13.00
4.00	30.00	590.00	10.00	0.00	13.00
4.00	30.00	610.00	10.00	0.00	13.00
4.00	40.00	650.00	10.00	0.00	14.00
4.00	30.00	640.00	10.00	0.00	14.00
4.00	30.00	660.00	10.00	0.00	14.00
4.00	40.00	700.00	10.00	0.00	15.00
4.00	30.00	690.00	10.00	0.00	15.00
4.00	30.00	710.00	10.00	0.00	15.00
4.00	40.00	750.00	10.00	0.00	16.00
4.00	30.00	740.00	10.00	0.00	16.00
4.00	30.00	760.00	10.00	0.00	16.00
4.50	45.00	0.00	10.00	0.00	1.00
4.50	35.00	-10.00	10.00	0.00	1.00
4.50	35.00	10.00	10.00	0.00	1.00
4.50	45.00	50.00	10.00	0.00	2.00
4.50	35.00	40.00	10.00	0.00	2.00
4.50	35.00	60.00	10.00	0.00	2.00
4.50	45.00	100.00	10.00	0.00	3.00
4.50	35.00	90.00	10.00	0.00	3.00
4.50	35.00	110.00	10.00	0.00	3.00
4.50	45.00	150.00	10.00	0.00	4.00
4.50	35.00	140.00	10.00	0.00	4.00
4.50	35.00	160.00	10.00	0.00	4.00
4.50	45.00	200.00	10.00	0.00	5.00
4.50	35.00	190.00	10.00	0.00	5.00
4.50	35.00	210.00	10.00	0.00	5.00
4.50	45.00	250.00	10.00	0.00	6.00
4.50	35.00	240.00	10.00	0.00	6.00
4.50	35.00	260.00	10.00	0.00	6.00
4.50	45.00	300.00	10.00	0.00	7.00
4.50	35.00	290.00	10.00	0.00	7.00
4.50	35.00	310.00	10.00	0.00	7.00
4.50	45.00	350.00	10.00	0.00	8.00
4.50	35.00	340.00	10.00	0.00	8.00
4.50	35.00	360.00	10.00	0.00	8.00
4.50	45.00	400.00	10.00	0.00	9.00
4.50	35.00	390.00	10.00	0.00	9.00
4.50	35.00	410.00	10.00	0.00	9.00
4.50	45.00	450.00	10.00	0.00	10.00
4.50	35.00	440.00	10.00	0.00	10.00
4.50	35.00	460.00	10.00	0.00	10.00
4.50	45.00	500.00	10.00	0.00	11.00
4.50	35.00	490.00	10.00	0.00	11.00
4.50	35.00	510.00	10.00	0.00	11.00
4.50	45.00	550.00	10.00	0.00	12.00
4.50	35.00	540.00	10.00	0.00	12.00
4.50	35.00	560.00	10.00	0.00	12.00
4.50	45.00	600.00	10.00	0.00	13.00
4.50	35.00	590.00	10.00	0.00	13.00
4.50	35.00	610.00	10.00	0.00	13.00
4.50	45.00	650.00	10.00	0.00	14.00
4.50	35.00	640.00	10.00	0.00	14.00
4.50	35.00	660.00	10.00	0.00	14.00
4.50	45.00	700.00	10.00	0.00	15.00
4.50	35.00	690.00	10.00	0.00	15.00
4.50	35.00	710.00	10.00	0.00	15.00
4.50	45.00	750.00	10.00	0.00	16.00
4.50	35.00	740.00	10.00	0.00	16.00
4.50	35.00	760.00	10.00	0.00	16.00
5.00	50.00	0.00	10.00	0.00	1.00
5.00	40.00	-10.00	10.00	0.00	1.00
5.00	40.00	10.00	10.00	0.00	1.00
5.00	50.00	50.00	10.00	0.00	2.00
5.00	40.00	40.00	10.00	0.00	2.00
5.00	40.00	60.00	10.00	0.00	2.00
5.00	50.00	100.00	10.00	0.00	3.00
5.00	40.00	90.00	10.00	0.00	3.00
5.00	40.00	110.00	10.00	0.00	3.00
5.00	50.00	150.00	10.00	0.00	4.00
5.00	40.00	140.00	10.00	0.00	4.00
5.00	40.00	160.00	10.00	0.00	4.00
5.00	50.00	200.00	10.00	0.00	5.00
5.00	40.00	190.00	10.00	0.00	5.00
5.00	40.00	210.00	10.00	0.00	5.00
5.00	50.00	250.00	10.00	0.00	6.00
5.00	40.00	240.00	10.00	0.00	6.00
5.00	40.00	260.00	10.00	0.00	6.00
5.00	50.00	300.00	10.00	0.00	7.00
5.00	40.00	290.00	10.00	0.00	7.00
5.00	40.00	310.00	10.00	0.00	7.00
5.00	50.00	350.00	10.00	0.00	8.00
5.00	40.00	340.00	10.00	0.00	8.00
5.00	40.00	360.00	10.00	0.00	8.00
5.00	50.00	400.00	10.00	0.00	9.00
5.00	40.00	390.00	10.00	0.00	9.00
5.00	40.00	410.00	10.00	0.00	9.00
5.00	50.00	450.00	10.00	0.00	10.00
5.00	40.00	440.00	10.00	0.00	10.00
5.00	40.00	460.00	10.00	0.00	10.00
5.00	50.00	500.00	10.00	0.00	11.00
5.00	40.00	490.00	10.00	0.00	11.00
5.00	40.00	510.00	10.00	0.00	11.00
5.00	50.00	550.00	10.00	0.00	12.00
5.00	40.00	540.00	10.00	0.00	12.00
5.00	40.00	560.00	10.00	0.00	12.00
5.00	50.00	600.00	10.00	0.00	13.00
5.00	40.00	590.00	10.00	0.00	13.00
5.00	40.00	610.00	10.00	0.00	13.00
5.00	50.00	650.00	10.00	0.00	14.00
5.00	40.00	640.00	10.00	0.00	14.00
5.00	40.00	660.00	10.00	0.00	14.00
5.00	50.00	700.00	10.00	0.00	15.00
5.00	40.00	690.00	10.00	0.00	15.00
5.00	40.00	710.00	10.00	0.00	15.00
5.00	50.00	750.00	10.00	0.00	16.00
5.00	40.00	740.00	10.00	0.00	16.00
5.00	40.00	760.00	10.00	0.00	16.00
5.50	55.00	0.00	10.00	0.00	1.00
5.50	45.00	-10.00	10.00	0.00	1.00
5.50	45.00	10.00	10.00	0.00	1.00
5.50	55.00	50.00	10.00	0.00	2.00
5.50	45.00	40.00	10.00	0.00	2.00
5.50	45.00	60.00	10.00	0.00	2.00
5.50	55.00	100.00	10.00	0.00	3.00
5.50	45.00	90.00	10.00	0.00	3.00
5.50	45.00	110.00	10.00	0.00	3.00
5.50	55.00	150.00	10.00	0.00	4.00
5.50	45.00	140.00	10.00	0.00	4.00
5.50	45.00	160.00	10.00	0.00	4.00
5.50	55.00	200.00	10.00	0.00	5.00
5.50	45.00	190.00	10.00	0.00	5.00
5.50	45.00	210.00	10.00	0.00	5.00
5.50	55.00	250.00	10.00	0.00	6.00
5.50	45.00	240.00	10.00	0.00	6.00
5.50	45.00	260.00	10.00	0.00	6.00
5.50	55.00	300.00	10.00	0.00	7.00
5.50	45.00	290.00	10.00	0.00	7.00
5.50	45.00	310.00	10.00	0.00	7.00
5.50	55.00	350.00	10.00	0.00	8.00
5.50	45.00	340.00	10.00	0.00	8.00
5.50	45.00	360.00	10.00	0.00	8.00
5.50	55.00	400.00	10.00	0.00	9.00
5.50	45.00	390.00	10.00	0.00	9.00
5.50	45.00	410.00	10.00	0.00	9.00
5.50	55.00	450.00	10.00	0.00	10.00
5.50	45.00	440.00	10.00	0.00	10.00
5.50	45.00	460.00	10.00	0.00	10.00
5.50	55.00	500.00	10.00	0.00	11.00
5.50	45.00	490.00	10.00	0.00	11.00
5.50	45.00	510.00	10.00	0.00	11.00
5.50	55.00	550.00	10.00	0.00	12.00
5.50	45.00	540.00	10.00	0.00	12.00
5.50	45.00	560.00	10.00	0.00	12.00
5.50	55.00	600.00	10.00	0.00	13.00
5.50	45.00	590.00	10.00	0.00	13.00
5.50	45.00	610.00	10.00	0.00	13.00
5.50	55.00	650.00	10.00	0.00	14.00
5.50	45.00	640.00	10.00	0.00	14.00
5.50	45.00	660.00	10.00	0.00	14.00
5.50	55.00	700.00	10.00	0.00	15.00
5.50	45.00	690.00	10.00	0.00	15.00
5.50	45.00	710.00	10.00	0.00	15.00
5.50	55.00	750.00	10.00	0.00	16.00
5.50	45.00	740.00	10.00	0.00	16.00
5.50	45.00	760.00	10.00	0.00	16.00
6.00	60.00	0.00	10.00	0.00	1.00
6.00	50.00	-10.00	10.00	0.00	1.00
6.00	50.00	10.00	10.00	0.00	1.00
6.00	60.00	50.00	10.00	0.00	2.00
6.00	50.00	40.00	10.00	0.00	2.00
6.00	50.00	60.00	10.00	0.00	2.00
6.00	60.00	100.00	10.00	0.00	3.00
6.00	50.00	90.00	10.00	0.00	3.00
6.00	50.00	110.00	10.00	0.00	3.00
6.00	60.00	150.00	10.00	0.00	4.00
6.00	50.00	140.00	10.00	0.00	4.00
6.00	50.00	160.00	10.00	0.00	4.00
6.00	60.00	200.00	10.00	0.00	5.00
6.00	50.00	190.00	10.00	0.00	5.00
6.00	50.00	210.00	10.00	0.00	5.00
6.00	60.00	250.00	10.00	0.00	6.00
6.00	50.00	240.00	10.00	0.00	6.00
6.00	50.00	260.00	10.00	0.00	6.00
6.00	60.00	300.00	10.00	0.00	7.00
6.00	50.00	290.00	10.00	0.00	7.00
6.00	50.00	310.00	10.00	0.00	7.00
6.00	60.00	350.00	10.00	0.00	8.00
6.00	50.00	340.00	10.00	0.00	8.00
6.00	50.00	360.00	10.00	0.00	8.00
6.00	60.00	400.00	10.00	0.00	9.00
6.00	50.00	390.00	10.00	0.00	9.00
6.00	50.00	410.00	10.00	0.00	9.00
6.00	60.00	450.00	10.00	0.00	10.00
6.00	50.00	440.00	10.00	0.00	10.00
6.00	50.00	460.00	10.00	0.00	10.00
6.00	60.00	500.00	10.00	0.00	11.00
6.00	50.00	490.00	10.00	0.00	11.00
6.00	50.00	510.00	10.00	0.00	11.00
6.00	60.00	550.00	10.00	0.00	12.00
6.00	50.00	540.00	10.00	0.00	12.00
6.00	50.00	560.00	10.00	0.00	12.00
6.00	60.00	600.00	10.00	0.00	13.00
6.00	50.00	590.00	10.00	0.00	13.00
6.00	50.00	610.00	10.00	0.00	13.00
6.00	60.00	650.00	10.00	0.00	14.00
6.00	50.00	640.00	10.00	0.00	14.00
6.00	50.00	660.00	10.00	0.00	14.00
6.00	60.00	700.00	10.00	0.00	15.00
6.00	50.00	690.00	10.00	0.00	15.00
6.00	50.00	710.00	10.00	0.00	15.00
6.00	60.00	750.00	10.00	0.00	16.00
6.00	50.00	740.00	10.00	0.00	16.00
6.00	50.00	760.00	10.00	0.00	16.00
6.50	65.00	0.00	10.00	0.00	1.00
6.50	55.00	-10.00	10.00	0.00	1.00
6.50	55.00	10.00	10.00	0.00	1.00
6.50	65.00	50.00	10.00	0.00	2.00
6.50	55.00	40.00	10.00	0.00	2.00
6.50	55.00	60.00	10.00	0.00	2.00
6.50	65.00	100.00	10.00	0.00	3.00
6.50	55.00	90.00	10.00	0.00	3.00
6.50	55.00	110.00	10.00	0.00	3.00
6.50	65.00	150.00	10.00	0.00	4.00
6.50	55.00	140.00	10.00	0.00	4.00
6.50	55.00	160.00	10.00	0.00	4.00
6.50	65.00	200.00	10.00	0.00	5.00
6.50	55.00	190.00	10.00	0.00	5.00
6.50	55.00	210.00	10.00	0.00	5.00
6.50	65.00	250.00	10.00	0.00	6.00
6.50	55.00	240.00	10.00	0.00	6.00
6.50	55.00	260.00	10.00	0.00	6.00
6.50	65.00	300.00	10.00	0.00	7.00
6.50	55.00	290.00	10.00	0.00	7.00
6.50	55.00	310.00	10.00	0.00	7.00
6.50	65.00	350.00	10.00	0.00	8.00
6.50	55.00	340.00	10.00	0.00	8.00
6.50	55.00	360.00	10.00	0.00	8.00
6.50	65.00	400.00	10.00	0.00	9.00
6.50	55.00	390.00	10.00	0.00	9.00
6.50	55.00	410.00	10.00	0.00	9.00
6.50	65.00	450.00	10.00	0.00	10.00
6.50	55.00	440.00	10.00	0.00	10.00
6.50	55.00	460.00	10.00	0.00	10.00
6.50	65.00	500.00	10.00	0.00	11.00
6.50	55.00	490.00	10.00	0.00	11.00
6.50	55.00	510.00	10.00	0.00	11.00
6.50	65.00	550.00	10.00	0.00	12.00
6.50	55.00	540.00	10.00	0.00	12.00
6.50	55.00	560.00	10.00	0.00	12.00
6.50	65.00	600.00	10.00	0.00	13.00
6.50	55.00	590.00	10.00	0.00	13.00
6.50	55.00	610.00	10.00	0.00	13.00
6.50	65.00	650.00	10.00	0.00	14.00
6.50	55.00	640.00	10.00	0.00	14.00
6.50	55.00	660.00	10.00	0.00	14.00
6.50	65.00	700.00	10.00	0.00	15.00
6.50	55.00	690.00	10.00	0.00	15.00
6.50	55.00	710.00	10.00	0.00	15.00
6.50	65.00	750.00	10.00	0.00	16.00
6.50	55.00	740.00	10.00	0.00	16.00
6.50	55.00	760.00	10.00	0.00	16.00
7.00	70.00	0.00	10.00	0.00	1.00
7.00	60.00	-10.00	10.00	0.00	1.00
7.00	60.00	10.00	10.00	0.00	1.00
7.00	70.00	50.00	10.00	0.00	2.00
7.00	60.00	40.00	10.00	0.00	2.00
7.00	60.00	60.00	10.00	0.00	2.00
7.00	70.00	100.00	10.00	0.00	3.00
7.00	60.00	90.00	10.00	0.00	3.00
7.00	60.00	110.00	10.00	0.00	3.00
7.00	70.00	150.00	10.00	0.00	4.00
7.00	60.00	140.00	10.00	0.00	4.00
7.00	60.00	160.00	10.00	0.00	4.00
7.00	70.00	200.00	10.00	0.00	5.00
7.00	60.00	190.00	10.00	0.00	5.00
7.00	60.00	210.00	10.00	0.00	5.00
7.00	70.00	250.00	10.00	0.00	6.00
7.00	60.00	240.00	10.00	0.00	6.00
7.00	60.00	260.00	10.00	0.00	6.00
7.00	70.00	300.00	10.00	0.00	7.00
7.00	60.00	290.00	10.00	0.00	7.00
7.00	60.00	310.00	10.00	0.00	7.00
7.00	70.00	350.00	10.00	0.00	8.00
7.00	60.00	340.00	10.00	0.00	8.00
7.00	60.00	360.00	10.00	0.00	8.00
7.00	70.00	400.00	10.00	0.00	9.00
7.00	60.00	390.00	10.00	0.00	9.00
7.00	60.00	410.00	10.00	0.00	9.00
7.00	70.00	450.00	10.00	0.00	10.00
7.00	60.00	440.00	10.00	0.00	10.00
7.00	60.00	460.00	10.00	0.00	10.00
7.00	70.00	500.00	10.00	0.00	11.00
7.00	60.00	490.00	10.00	0.00	11.00
7.00	60.00	510.00	10.00	0.00	11.00
7.00	70.00	550.00	10.00	0.00	12.00
7.00	60.00	540.00	10.00	0.00	12.00
7.00	60.00	560.00	10.00	0.00	12.00
7.00	70.00	600.00	10.00	0.00	13.00
7.00	60.00	590.00	10.00	0.00	13.00
7.00	60.00	610.00	10.00	0.00	13.00
7.00	70.00	650.00	10.00	0.00	14.00
7.00	60.00	640.00	10.00	0.00	14.00
7.00	60.00	660.00	10.00	0.00	14.00
7.00	70.00	700.00	10.00	0.00	15.00
7.00	60.00	690.00	10.00	0.00	15.00
7.00	60.00	710.00	10.00	0.00	15.00
7.00	70.00	750.00	10.00	0.00	16.00
7.00	60.00	740.00	10.00	0.00	16.00
7.00	60.00	760.00	10.00	0.00	16.00
7.50	75.00	0.00	10.00	0.00	1.00
7.50	65.00	-10.00	10.00	0.00	1.00
7.50	65.00	10.00	10.00	0.00	1.00
7.50	75.00	50.00	10.00	0.00	2.00
7.50	65.00	40.00	10.00	0.00	2.00
7.50	65.00	60.00	10.00	0.00	2.00
7.50	75.00	100.00	10.00	0.00	3.00
7.50	65.00	90.00	10.00	0.00	3.00
7.50	65.00	110.00	10.00	0.00	3.00
7.50	75.00	150.00	10.00	0.00	4.00
7.50	65.00	140.00	10.00	0.00	4.00
7.50	65.00	160.00	10.00	0.00	4.00
7.50	75.00	200.00	10.00	0.00	5.00
7.50	65.00	190.00	10.00	0.00	5.00
7.50	65.00	210.00	10.00	0.00	5.00
7.50	75.00	250.00	10.00	0.00	6.00
7.50	65.00	240.00	10.00	0.00	6.00
7.50	65.00	260.00	10.00	0.00	6.00
7.50	75.00	300.00	10.00	0.00	7.00
7.50	65.00	290.00	10.00	0.00	7.00
7.50	65.00	310.00	10.00	0.00	7.00
7.50	75.00	350.00	10.00	0.00	8.00
7.50	65.00	340.00	10.00	0.00	8.00
7.50	65.00	360.00	10.00	0.00	8.00
7.50	75.00	400.00	10.00	0.00	9.00
7.50	65.00	390.00	10.00	0.00	9.00
7.50	65.00	410.00	10.00	0.00	9.00
7.50	75.00	450.00	10.00	0.00	10.00
7.50	65.00	440.00	10.00	0.00	10.00
7.50	65.00	460.00	10.00	0.00	10.00
7.50	75.00	500.00	10.00	0.00	11.00
7.50	65.00	490.00	10.00	0.00	11.00
7.50	65.00	510.00	10.00	0.00	11.00
7.50	75.00	550.00	10.00	0.00	12.00
7.50	65.00	540.00	10.00	0.00	12.00
7.50	65.00	560.00	10.00	0.00	12.00
7.50	75.00	600.00	10.00	0.00	13.00
7.50	65.00	590.00	10.00	0.00	13.00
7.50	65.00	610.00	10.00	0.00	13.00
7.50	75.00	650.00	10.00	0.00	14.00
7.50	65.00	640.00	10.00	0.00	14.00
7.50	65.00	660.00	10.00	0.00	14.00
7.50	75.00	700.00	10.00	0.00	15.00
7.50	65.00	690.00	10.00	0.00	15.00
7.50	65.00	710.00	10.00	0.00	15.00
7.50	75.00	750.00	10.00	0.00	16.00
7.50	65.00	740.00	10.00	0.00	16.00
7.50	65.00	760.00	10.00	0.00	16.00
8.00	80.00	0.00	10.00	0.00	1.00
8.00	70.00	-10.00	10.00	0.00	1.00
8.00	70.00	10.00	10.00	0.00	1.00
8.00	80.00	50.00	10.00	0.00	2.00
8.00	70.00	40.00	10.00	0.00	2.00
8.00	70.00	60.00	10.00	0.00	2.00
8.00	80.00	100.00	10.00	0.00	3.00
8.00	70.00	90.00	10.00	0.00	3.00
8.00	70.00	110.00	10.00	0.00	3.00
8.00	80.00	150.00	10.00	0.00	4.00
8.00	70.00	140.00	10.00	0.00	4.00
8.00	70.00	160.00	10.00	0.00	4.00
8.00	80.00	200.00	10.00	0.00	5.00
8.00	70.00	190.00	10.00	0.00	5.00
8.00	70.00	210.00	10.00	0.00	5.00
8.00	80.00	250.00	10.00	0.00	6.00
8.00	70.00	240.00	10.00	0.00	6.00
8.00	70.00	260.00	10.00	0.00	6.00
8.00	80.00	300.00	10.00	0.00	7.00
8.00	70.00	290.00	10.00	0.00	7.00
8.00	70.00	310.00	10.00	0.00	7.00
8.00	80.00	350.00	10.00	0.00	8.00
8.00	70.00	340.00	10.00	0.00	8.00
8.00	70.00	360.00	10.00	0.00	8.00
8.00	80.00	400.00	10.00	0.00	9.00
8.00	70.00	390.00	10.00	0.00	9.00
8.00	70.00	410.00	10.00	0.00	9.00
8.00	80.00	450.00	10.00	0.00	10.00
8.00	70.00	440.00	10.00	0.00	10.00
8.00	70.00	460.00	10.00	0.00	10.00
8.00	80.00	500.00	10.00	0.00	11.00
8.00	70.00	490.00	10.00	0.00	11.00
8.00	70.00	510.00	10.00	0.00	11.00
8.00	80.00	550.00	10.00	0.00	12.00
8.00	70.00	540.00	10.00	0.00	12.00
8.00	70.00	560.00	10.00	0.00	12.00
8.00	80.00	600.00	10.00	0.00	13.00
8.00	70.00	590.00	10.00	0.00	13.00
8.00	70.00	610.00	10.00	0.00	13.00
8.00	80.00	650.00	10.00	0.00	14.00
8.00	70.00	640.00	10.00	0.00	14.00
8.00	70.00	660.00	10.00	0.00	14.00
8.00	80.00	700.00	10.00	0.00	15.00
8.00	70.00	690.00	10.00	0.00	15.00
8.00	70.00	710.00	10.00	0.00	15.00
8.00	80.00	750.00	10.00	0.00	16.00
8.00	70.00	740.00	10.00	0.00	16.00
8.00	70.00	760.00	10.00	0.00	16.00
8.50	85.00	0.00	10.00	0.00	1.00
8.50	75.00	-10.00	10.00	0.00	1.00
8.50	75.00	10.00	10.00	0.00	1.00
8.50	85.00	50.00	10.00	0.00	2.00
8.50	75.00	40.00	10.00	0.00	2.00
8.50	75.00	60.00	10.00	0.00	2.00
8.50	85.00	100.00	10.00	0.00	3.00
8.50	75.00	90.00	10.00	0.00	3.00
8.50	75.00	110.00	10.00	0.00	3.00
8.50	85.00	150.00	10.00	0.00	4.00
8.50	75.00	140.00	10.00	0.00	4.00
8.50	75.00	160.00	10.00	0.00	4.00
8.50	85.00	200.00	10.00	0.00	5.00
8.50	75.00	190.00	10.00	0.00	5.00
8.50	75.00	210.00	10.00	0.00	5.00
8.50	85.00	250.00	10.00	0.00	6.00
8.50	75.00	240.00	10.00	0.00	6.00
8.50	75.00	260.00	10.00	0.00	6.00
8.50	85.00	300.00	10.00	0.00	7.00
8.50	75.00	290.00	10.00	0.00	7.00
8.50	75.00	310.00	10.00	0.00	7.00
8.50	85.00	350.00	10.00	0.00	8.00
8.50	75.00	340.00	10.00	0.00	8.00
8.50	75.00	360.00	10.00	0.00	8.00
8.50	85.00	400.00	10.00	0.00	9.00
8.50	75.00	390.00	10.00	0.00	9.00
8.50	75.00	410.00	10.00	0.00	9.00
8.50	85.00	450.00	10.00	0.00	10.00
8.50	75.00	440.00	10.00	0.00	10.00
8.50	75.00	460.00	10.00	0.00	10.00
8.50	85.00	500.00	10.00	0.00	11.00
8.50	75.00	490.00	10.00	0.00	11.00
8.50	75.00	510.00	10.00	0.00	11.00
8.50	85.00	550.00	10.00	0.00	12.00
8.50	75.00	540.00	10.00	0.00	12.00
8.50	75.00	560.00	10.00	0.00	12.00
8.50	85.00	600.00	10.00	0.00	13.00
8.50	75.00	590.00	10.00	0.00	13.00
8.50	75.00	610.00	10.00	0.00	13.00
8.50	85.00	650.00	10.00	0.00	14.00
8.50	75.00	640.00	10.00	0.00	14.00
8.50	75.00	660.00	10.00	0.00	14.00
8.50	85.00	700.00	10.00	0.00	15.00
8.50	75.00	690.00	10.00	0.00	15.00
8.50	75.00	710.00	10.00	0.00	15.00
8.50	85.00	750.00	10.00	0.00	16.00
8.50	75.00	740.00	10.00	0.00	16.00
8.50	75.00	760.00	10.00	0.00	16.00
9.00	90.00	0.00	10.00	0.00	1.00
9.00	80.00	-10.00	10.00	0.00	1.00
9.00	80.00	10.00	10.00	0.00	1.00
9.00	90.00	50.00	10.00	0.00	2.00
9.00	80.00	40.00	10.00	0.00	2.00
9.00	80.00	60.00	10.00	0.00	2.00
9.00	90.00	100.00	10.00	0.00	3.00
9.00	80.00	90.00	10.00	0.00	3.00
9.00	80.00	110.00	10.00	0.00	3.00
9.00	90.00	150.00	10.00	0.00	4.00
9.00	80.00	140.00	10.00	0.00	4.00
9.00	80.00	160.00	10.00	0.00	4.00
9.00	90.00	200.00	10.00	0.00	5.00
9.00	80.00	190.00	10.00	0.00	5.00
9.00	80.00	210.00	10.00	0.00	5.00
9.00	90.00	250.00	10.00	0.00	6.00
9.00	80.00	240.00	10.00	0.00	6.00
9.00	80.00	260.00	10.00	0.00	6.00
9.00	90.00	300.00	10.00	0.00	7.00
9.00	80.00	290.00	10.00	0.00	7.00
9.00	80.00	310.00	10.00	0.00	7.00
9.00	90.00	350.00	10.00	0.00	8.00
9.00	80.00	340.00	10.00	0.00	8.00
9.00	80.00	360.00	10.00	0.00	8.00
9.00	90.00	400.00	10.00	0.00	9.00
9.00	80.00	390.00	10.00	0.00	9.00
9.00	80.00	410.00	10.00	0.00	9.00
9.00	90.00	450.00	10.00	0.00	10.00
9.00	80.00	440.00	10.00	0.00	10.00
9.00	80.00	460.00	10.00	0.00	10.00
9.00	90.00	500.00	10.00	0.00	11.00
9.00	80.00	490.00	10.00	0.00	11.00
9.00	80.00	510.00	10.00	0.00	11.00
9.00	90.00	550.00	10.00	0.00	12.00
9.00	80.00	540.00	10.00	0.00	12.00
9.00	80.00	560.00	10.00	0.00	12.00
9.00	90.00	600.00	10.00	0.00	13.00
9.00	80.00	590.00	10.00	0.00	13.00
9.00	80.00	610.00	10.00	0.00	13.00
9.00	90.00	650.00	10.00	0.00	14.00
9.00	80.00	640.00	10.00	0.00	14.00
9.00	80.00	660.00	10.00	0.00	14.00
9.00	90.00	700.00	10.00	0.00	15.00
9.00	80.00	690.00	10.00	0.00	15.00
9.00	80.00	710.00	10.00	0.00	15.00
9.00	90.00	750.00	10.00	0.00	16.00
9.00	80.00	740.00	10.00	0.00	16.00
9.00	80.00	760.00	10.00	0.00	16.00
9.50	95.00	0.00	10.00	0.00	1.00
9.50	85.00	-10.00	10.00	0.00	1.00
9.50	85.00	10.00	10.00	0.00	1.00
9.50	95.00	50.00	10.00	0.00	2.00
9.50	85.00	40.00	10.00	0.00	2.00
9.50	85.00	60.00	10.00	0.00	2.00
9.50	95.00	100.00	10.00	0.00	3.00
9.50	85.00	90.00	10.00	0.00	3.00
9.50	85.00	110.00	10.00	0.00	3.00
9.50	95.00	150.00	10.00	0.00	4.00
9.50	85.00	140.00	10.00	0.00	4.00
9.50	85.00	160.00	10.00	0.00	4.00
9.50	95.00	200.00	10.00	0.00	5.00
9.50	85.00	190.00	10.00	0.00	5.00
9.50	85.00	210.00	10.00	0.00	5.00
9.50	95.00	250.00	10.00	0.00	6.00
9.50	85.00	240.00	10.00	0.00	6.00
9.50	85.00	260.00	10.00	0.00	6.00
9.50	95.00	300.00	10.00	0.00	7.00
9.50	85.00	290.00	10.00	0.00	7.00
9.50	85.00	310.00	10.00	0.00	7.00
9.50	95.00	350.00	10.00	0.00	8.00
9.50	85.00	340.00	10.00	0.00	8.00
9.50	85.00	360.00	10.00	0.00	8.00
9.50	95.00	400.00	10.00	0.00	9.00
9.50	85.00	390.00	10.00	0.00	9.00
9.50	85.00	410.00	10.00	0.00	9.00
9.50	95.00	450.00	10.00	0.00	10.00
9.50	85.00	440.00	10.00	0.00	10.00
9.50	85.00	460.00	10.00	0.00	10.00
9.50	95.00	500.00	10.00	0.00	11.00
9.50	85.00	490.00	10.00	0.00	11.00
9.50	85.00	510.00	10.00	0.00	11.00
9.50	95.00	550.00	10.00	0.00	12.00
9.50	85.00	540.00	10.00	0.00	12.00
9.50	85.00	560.00	10.00	0.00	12.00
9.50	95.00	600.00	10.00	0.00	13.00
9.50	85.00	590.00	10.00	0.00	13.00
9.50	85.00	610.00	10.00	0.00	13.00
9.50	95.00	650.00	10.00	0.00	14.00
9.50	85.00	640.00	10.00	0.00	14.00
9.50	85.00	660.00	10.00	0.00	14.00
9.50	95.00	700.00	10.00	0.00	15.00
9.50	85.00	690.00	10.00	0.00	15.00
9.50	85.00	710.00	10.00	0.00	15.00
9.50	95.00	750.00	10.00	0.00	16.00
9.50	85.00	740.00	10.00	0.00	16.00
9.50	85.00	760.00	10.00	0.00	16.00
10.00	100.00	0.00	10.00	0.00	1.00
10.00	90.00	-10.00	10.00	0.00	1.00
10.00	90.00	10.00	10.00	0.00	1.00
10.00	100.00	50.00	10.00	0.00	2.00
10.00	90.00	40.00	10.00	0.00	2.00
10.00	90.00	60.00	10.00	0.00	2.00
10.00	100.00	100.00	10.00	0.00	3.00
10.00	90.00	90.00	10.00	0.00	3.00
10.00	90.00	110.00	10.00	0.00	3.00
10.00	100.00	150.00	10.00	0.00	4.00
10.00	90.00	140.00	10.00	0.00	4.00
10.00	90.00	160.00	10.00	0.00	4.00
10.00	100.00	200.00	10.00	0.00	5.00
10.00	90.00	190.00	10.00	0.00	5.00
10.00	90.00	210.00	10.00	0.00	5.00
10.00	100.00	250.00	10.00	0.00	6.00
10.00	90.00	240.00	10.00	0.00	6.00
10.00	90.00	260.00	10.00	0.00	6.00
10.00	100.00	300.00	10.00	0.00	7.00
10.00	90.00	290.00	10.00	0.00	7.00
10.00	90.00	310.00	10.00	0.00	7.00
10.00	100.00	350.00	10.00	0.00	8.00
10.00	90.00	340.00	10.00	0.00	8.00
10.00	90.00	360.00	10.00	0.00	8.00
10.00	100.00	400.00	10.00	0.00	9.00
10.00	90.00	390.00	10.00	0.00	9.00
10.00	90.00	410.00	10.00	0.00	9.00
10.00	100.00	450.00	10.00	0.00	10.00
10.00	90.00	440.00	10.00	0.00	10.00
10.00	90.00	460.00	10.00	0.00	10.00
10.00	100.00	500.00	10.00	0.00	11.00
10.00	90.00	490.00	10.00	0.00	11.00
10.00	90.00	510.00	10.00	0.00	11.00
10.00	100.00	550.00	10.00	0.00	12.00
10.00	90.00	540.00	10.00	0.00	12.00
10.00	90.00	560.00	10.00	0.00	12.00
10.00	100.00	600.00	10.00	0.00	13.00
10.00	90.00	590.00	10.00	0.00	13.00
10.00	90.00	610.00	10.00	0.00	13.00
10.00	100.00	650.00	10.00	0.00	14.00
10.00	90.00	640.00	10.00	0.00	14.00
10.00	90.00	660.00	10.00	0.00	14.00
10.00	100.00	700.00	10.00	0.00	15.00
10.00	90.00	690.00	10.00	0.00	15.00
10.00	90.00	710.00	10.00	0.00	15.00
10.00	100.00	750.00	10.00	0.00	16.00
10.00	90.00	740.00	10.00	0.00	16.00
10.00	90.00	760.00	10.00	0.00	16.00
10.50	105.00	0.00	10.00	0.00	1.00
10.50	95.00	-10.00	10.00	0.00	1.00
10.50	95.00	10.00	10.00	0.00	1.00
10.50	105.00	50.00	10.00	0.00	2.00
10.50	95.00	40.00	10.00	0.00	2.00
10.50	95.00	60.00	10.00	0.00	2.00
10.50	105.00	100.00	10.00	0.00	3.00
10.50	95.00	90.00	10.00	0.00	3.00
10.50	95.00	110.00	10.00	0.00	3.00
10.50	105.00	150.00	10.00	0.00	4.00
10.50	95.00	140.00	10.00	0.00	4.00
10.50	95.00	160.00	10.00	0.00	4.00
10.50	105.00	200.00	10.00	0.00	5.00
10.50	95.00	190.00	10.00	0.00	5.00
10.50	95.00	210.00	10.00	0.00	5.00
10.50	105.00	250.00	10.00	0.00	6.00
10.50	95.00	240.00	10.00	0.00	6.00
10.50	95.00	260.00	10.00	0.00	6.00
10.50	105.00	300.00	10.00	0.00	7.00
10.50	95.00	290.00	10.00	0.00	7.00
10.50	95.00	310.00	10.00	0.00	7.00
10.50	105.00	350.00	10.00	0.00	8.00
10.50	95.00	340.00	10.00	0.00	8.00
10.50	95.00	360.00	10.00	0.00	8.00
10.50	105.00	400.00	10.00	0.00	9.00
10.50	95.00	390.00	10.00	0.00	9.00
10.50	95.00	410.00	10.00	0.00	9.00
10.50	105.00	450.00	10.00	0.00	10.00
10.50	95.00	440.00	10.00	0.00	10.00
10.50	95.00	460.00	10.00	0.00	10.00
10.50	105.00	500.00	10.00	0.00	11.00
10.50	95.00	490.00	10.00	0.00	11.00
10.50	95.00	510.00	10.00	0.00	11.00
10.50	105.00	550.00	10.00	0.00	12.00
10.50	95.00	540.00	10.00	0.00	12.00
10.50	95.00	560.00	10.00	0.00	12.00
10.50	105.00	600.00	10.00	0.00	13.00
10.50	95.00	590.00	10.00	0.00	13.00
10.50	95.00	610.00	10.00	0.00	13.00
10.50	105.00	650.00	10.00	0.00	14.00
10.50	95.00	640.00	10.00	0.00	14.00
10.50	95.00	660.00	10.00	0.00	14.00
10.50	105.00	700.00	10.00	0.00	15.00
10.50	95.00	690.00	10.00	0.00	15.00
10.50	95.00	710.00	10.00	0.00	15.00
10.50	105.00	750.00	10.00	0.00	16.00
10.50	95.00	740.00	10.00	0.00	16.00
10.50	95.00	760.00	10.00	0.00	16.00
11.00	110.00	0.00	10.00	0.00	1.00
11.00	100.00	-10.00	10.00	0.00	1.00
11.00	100.00	10.00	10.00	0.00	1.00
11.00	110.00	50.00	10.00	0.00	2.00
11.00	100.00	40.00	10.00	0.00	2.00
11.00	100.00	60.00	10.00	0.00	2.00
11.00	110.00	100.00	10.00	0.00	3.00
11.00	100.00	90.00	10.00	0.00	3.00
11.00	100.00	110.00	10.00	0.00	3.00
11.00	110.00	150.00	10.00	0.00	4.00
11.00	100.00	140.00	10.00	0.00	4.00
11.00	100.00	160.00	10.00	0.00	4.00
11.00	110.00	200.00	10.00	0.00	5.00
11.00	100.00	190.00	10.00	0.00	5.00
11.00	100.00	210.00	10.00	0.00	5.00
11.00	110.00	250.00	10.00	0.00	6.00
11.00	100.00	240.00	10.00	0.00	6.00
11.00	100.00	260.00	10.00	0.00	6.00
11.00	110.00	300.00	10.00	0.00	7.00
11.00	100.00	290.00	10.00	0.00	7.00
11.00	100.00	310.00	10.00	0.00	7.00
11.00	110.00	350.00	10.00	0.00	8.00
11.00	100.00	340.00	10.00	0.00	8.00
11.00	100.00	360.00	10.00	0.00	8.00
11.00	110.00	400.00	10.00	0.00	9.00
11.00	100.00	390.00	10.00	0.00	9.00
11.00	100.00	410.00	10.00	0.00	9.00
11.00	110.00	450.00	10.00	0.00	10.00
11.00	100.00	440.00	10.00	0.00	10.00
11.00	100.00	460.00	10.00	0.00	10.00
11.00	110.00	500.00	10.00	0.00	11.00
11.00	100.00	490.00	10.00	0.00	11.00
11.00	100.00	510.00	10.00	0.00	11.00
11.00	110.00	550.00	10.00	0.00	12.00
11.00	100.00	540.00	10.00	0.00	12.00
11.00	100.00	560.00	10.00	0.00	12.00
11.00	110.00	600.00	10.00	0.00	13.00
11.00	100.00	590.00	10.00	0.00	13.00
11.00	100.00	610.00	10.00	0.00	13.00
11.00	110.00	650.00	10.00	0.00	14.00
11.00	100.00	640.00	10.00	0.00	14.00
11.00	100.00	660.00	10.00	0.00	14.00
11.00	110.00	700.00	10.00	0.00	15.00
11.00	100.00	690.00	10.00	0.00	15.00
11.00	100.00	710.00	10.00	0.00	15.00
11.00	110.00	750.00	10.00	0.00	16.00
11.00	100.00	740.00	10.00	0.00	16.00
11.00	100.00	760.00	10.00	0.00	16.00
11.50	115.00	0.00	10.00	0.00	1.00
11.50	105.00	-10.00	10.00	0.00	1.00
11.50	105.00	10.00	10.00	0.00	1.00
11.50	115.00	50.00	10.00	0.00	2.00
11.50	105.00	40.00	10.00	0.00	2.00
11.50	105.00	60.00	10.00	0.00	2.00
11.50	115.00	100.00	10.00	0.00	3.00
11.50	105.00	90.00	10.00	0.00	3.00
11.50	105.00	110.00	10.00	0.00	3.00
11.50	115.00	150.00	10.00	0.00	4.00
11.50	105.00	140.00	10.00	0.00	4.00
11.50	105.00	160.00	10.00	0.00	4.00
11.50	115.00	200.00	10.00	0.00	5.00
11.50	105.00	190.00	10.00	0.00	5.00
11.50	105.00	210.00	10.00	0.00	5.00
11.50	115.00	250.00	10.00	0.00	6.00
11.50	105.00	240.00	10.00	0.00	6.00
11.50	105.00	260.00	10.00	0.00	6.00
11.50	115.00	300.00	10.00	0.00	7.00
11.50	105.00	290.00	10.00	0.00	7.00
11.50	105.00	310.00	10.00	0.00	7.00
11.50	115.00	350.00	10.00	0.00	8.00
11.50	105.00	340.00	10.00	0.00	8.00
11.50	105.00	360.00	10.00	0.00	8.00
11.50	115.00	400.00	10.00	0.00	9.00
11.50	105.00	390.00	10.00	0.00	9.00
11.50	105.00	410.00	10.00	0.00	9.00
11.50	115.00	450.00	10.00	0.00	10.00
11.50	105.00	440.00	10.00	0.00	10.00
11.50	105.00	460.00	10.00	0.00	10.00
11.50	115.00	500.00	10.00	0.00	11.00
11.50	105.00	490.00	10.00	0.00	11.00
11.50	105.00	510.00	10.00	0.00	11.00
11.50	115.00	550.00	10.00	0.00	12.00
11.50	105.00	540.00	10.00	0.00	12.00
11.50	105.00	560.00	10.00	0.00	12.00
11.50	115.00	600.00	10.00	0.00	13.00
11.50	105.00	590.00	10.00	0.00	13.00
11.50	105.00	610.00	10.00	0.00	13.00
11.50	115.00	650.00	10.00	0.00	14.00
11.50	105.00	640.00	10.00	0.00	14.00
11.50	105.00	660.00	10.00	0.00	14.00
11.50	115.00	700.00	10.00	0.00	15.00
11.50	105.00	690.00	10.00	0.00	15.00
11.50	105.00	710.00	10.00	0.00	15.00
11.50	115.00	750.00	10.00	0.00	16.00
11.50	105.00	740.00	10.00	0.00	16.00
11.50	105.00	760.00	10.00	0.00	16.00
12.00	120.00	0.00	10.00	0.00	1.00
12.00	110.00	-10.00	10.00	0.00	1.00
12.00	110.00	10.00	10.00	0.00	1.00
12.00	120.00	50.00	10.00	0.00	2.00
12.00	110.00	40.00	10.00	0.00	2.00
12.00	110.00	60.00	10.00	0.00	2.00
12.00	120.00	100.00	10.00	0.00	3.00
12.00	110.00	90.00	10.00	0.00	3.00
12.00	110.00	110.00	10.00	0.00	3.00
12.00	120.00	150.00	10.00	0.00	4.00
12.00	110.00	140.00	10.00	0.00	4.00
12.00	110.00	160.00	10.00	0.00	4.00
12.00	120.00	200.00	10.00	0.00	5.00
12.00	110.00	190.00	10.00	0.00	5.00
12.00	110.00	210.00	10.00	0.00	5.00
12.00	120.00	250.00	10.00	0.00	6.00
12.00	110.00	240.00	10.00	0.00	6.00
12.00	110.00	260.00	10.00	0.00	6.00
12.00	120.00	300.00	10.00	0.00	7.00
12.00	110.00	290.00	10.00	0.00	7.00
12.00	110.00	310.00	10.00	0.00	7.00
12.00	120.00	350.00	10.00	0.00	8.00
12.00	110.00	340.00	10.00	0.00	8.00
12.00	110.00	360.00	10.00	0.00	8.00
12.00	120.00	400.00	10.00	0.00	9.00
12.00	110.00	390.00	10.00	0.00	9.00
12.00	110.00	410.00	10.00	0.00	9.00
12.00	120.00	450.00	10.00	0.00	10.00
12.00	110.00	440.00	10.00	0.00	10.00
12.00	110.00	460.00	10.00	0.00	10.00
12.00	120.00	500.00	10.00	0.00	11.00
12.00	110.00	490.00	10.00	0.00	11.00
12.00	110.00	510.00	10.00	0.00	11.00
12.00	120.00	550.00	10.00	0.00	12.00
12.00	110.00	540.00	10.00	0.00	12.00
12.00	110.00	560.00	10.00	0.00	12.00
12.00	120.00	600.00	10.00	0.00	13.00
12.00	110.00	590.00	10.00	0.00	13.00
12.00	110.00	610.00	10.00	0.00	13.00
12.00	120.00	650.00	10.00	0.00	14.00
12.00	110.00	640.00	10.00	0.00	14.00
12.00	110.00	660.00	10.00	0.00	14.00
12.00	120.00	700.00	10.00	0.00	15.00
12.00	110.00	690.00	10.00	0.00	15.00
12.00	110.00	710.00	10.00	0.00	15.00
12.00	120.00	750.00	10.00	0.00	16.00
12.00	110.00	740.00	10.00	0.00	16.00
12.00	110.00	760.00	10.00	0.00	16.00
12.50	125.00	0.00	10.00	0.00	1.00
12.50	115.00	-10.00	10.00	0.00	1.00
12.50	115.00	10.00	10.00	0.00	1.00
12.50	125.00	50.00	10.00	0.00	2.00
12.50	115.00	40.00	10.00	0.00	2.00
12.50	115.00	60.00	10.00	0.00	2.00
12.50	125.00	100.00	10.00	0.00	3.00
12.50	115.00	90.00	10.00	0.00	3.00
12.50	115.00	110.00	10.00	0.00	3.00
12.50	125.00	150.00	10.00	0.00	4.00
12.50	115.00	140.00	10.00	0.00	4.00
12.50	115.00	160.00	10.00	0.00	4.00
12.50	125.00	200.00	10.00	0.00	5.00
12.50	115.00	190.00	10.00	0.00	5.00
12.50	115.00	210.00	10.00	0.00	5.00
12.50	125.00	250.00	10.00	0.00	6.00
12.50	115.00	240.00	10.00	0.00	6.00
12.50	115.00	260.00	10.00	0.00	6.00
12.50	125.00	300.00	10.00	0.00	7.00
12.50	115.00	290.00	10.00	0.00	7.00
12.50	115.00	310.00	10.00	0.00	7.00
12.50	125.00	350.00	10.00	0.00	8.00
12.50	115.00	340.00	10.00	0.00	8.00
12.50	115.00	360.00	10.00	0.00	8.00
12.50	125.00	400.00	10.00	0.00	9.00
12.50	115.00	390.00	10.00	0.00	9.00
12.50	115.00	410.00	10.00	0.00	9.00
12.50	125.00	450.00	10.00	0.00	10.00
12.50	115.00	440.00	10.00	0.00	10.00
12.50	115.00	460.00	10.00	0.00	10.00
12.50	125.00	500.00	10.00	0.00	11.00
12.50	115.00	490.00	10.00	0.00	11.00
12.50	115.00	510.00	10.00	0.00	11.00
12.50	125.00	550.00	10.00	0.00	12.00
12.50	115.00	540.00	10.00	0.00	12.00
12.50	115.00	560.00	10.00	0.00	12.00
12.50	125.00	600.00	10.00	0.00	13.00
12.50	115.00	590.00	10.00	0.00	13.00
12.50	115.00	610.00	10.00	0.00	13.00
12.50	125.00	650.00	10.00	0.00	14.00
12.50	115.00	640.00	10.00	0.00	14.00
12.50	115.00	660.00	10.00	0.00	14.00
12.50	125.00	700.00	10.00	0.00	15.00
12.50	115.00	690.00	10.00	0.00	15.00
12.50	115.00	710.00	10.00	0.00	15.00
12.50	125.00	750.00	10.00	0.00	16.00
12.50	115.00	740.00	10.00	0.00	16.00
12.50	115.00	760.00	10.00	0.00	16.00
13.00	130.00	0.00	10.00	0.00	1.00
13.00	120.00	-10.00	10.00	0.00	1.00
13.00	120.00	10.00	10.00	0.00	1.00
13.00	130.00	50.00	10.00	0.00	2.00
13.00	120.00	40.00	10.00	0.00	2.00
13.00	120.00	60.00	10.00	0.00	2.00
13.00	130.00	100.00	10.00	0.00	3.00
13.00	120.00	90.00	10.00	0.00	3.00
13.00	120.00	110.00	10.00	0.00	3.00
13.00	130.00	150.00	10.00	0.00	4.00
13.00	120.00	140.00	10.00	0.00	4.00
13.00	120.00	160.00	10.00	0.00	4.00
13.00	130.00	200.00	10.00	0.00	5.00
13.00	120.00	190.00	10.00	0.00	5.00
13.00	120.00	210.00	10.00	0.00	5.00
13.00	130.00	250.00	10.00	0.00	6.00
13.00	120.00	240.00	10.00	0.00	6.00
13.00	120.00	260.00	10.00	0.00	6.00
13.00	130.00	300.00	10.00	0.00	7.00
13.00	120.00	290.00	10.00	0.00	7.00
13.00	120.00	310.00	10.00	0.00	7.00
13.00	130.00	350.00	10.00	0.00	8.00
13.00	120.00	340.00	10.00	0.00	8.00
13.00	120.00	360.00	10.00	0.00	8.00
13.00	130.00	400.00	10.00	0.00	9.00
13.00	120.00	390.00	10.00	0.00	9.00
13.00	120.00	410.00	10.00	0.00	9.00
13.00	130.00	450.00	10.00	0.00	10.00
13.00	120.00	440.00	10.00	0.00	10.00
13.00	120.00	460.00	10.00	0.00	10.00
13.00	130.00	500.00	10.00	0.00	11.00
13.00	120.00	490.00	10.00	0.00	11.00
13.00	120.00	510.00	10.00	0.00	11.00
13.00	130.00	550.00	10.00	0.00	12.00
13.00	120.00	540.00	10.00	0.00	12.00
13.00	120.00	560.00	10.00	0.00	12.00
13.00	130.00	600.00	10.00	0.00	13.00
13.00	120.00	590.00	10.00	0.00	13.00
13.00	120.00	610.00	10.00	0.00	13.00
13.00	130.00	650.00	10.00	0.00	14.00
13.00	120.00	640.00	10.00	0.00	14.00
13.00	120.00	660.00	10.00	0.00	14.00
13.00	130.00	700.00	10.00	0.00	15.00
13.00	120.00	690.00	10.00	0.00	15.00
13.00	120.00	710.00	10.00	0.00	15.00
13.00	130.00	750.00	10.00	0.00	16.00
13.00	120.00	740.00	10.00	0.00	16.00
13.00	120.00	760.00	10.00	0.00	16.00
13.50	135.00	0.00	10.00	0.00	1.00
13.50	125.00	-10.00	10.00	0.00	1.00
13.50	125.00	10.00	10.00	0.00	1.00
13.50	135.00	50.00	10.00	0.00	2.00
13.50	125.00	40.00	10.00	0.00	2.00
13.50	125.00	60.00	10.00	0.00	2.00
13.50	135.00	100.00	10.00	0.00	3.00
13.50	125.00	90.00	10.00	0.00	3.00
13.50	125.00	110.00	10.00	0.00	3.00
13.50	135.00	150.00	10.00	0.00	4.00
13.50	125.00	140.00	10.00	0.00	4.00
13.50	125.00	160.00	10.00	0.00	4.00
13.50	135.00	200.00	10.00	0.00	5.00
13.50	125.00	190.00	10.00	0.00	5.00
13.50	125.00	210.00	10.00	0.00	5.00
13.50	135.00	250.00	10.00	0.00	6.00
13.50	125.00	240.00	10.00	0.00	6.00
13.50	125.00	260.00	10.00	0.00	6.00
13.50	135.00	300.00	10.00	0.00	7.00
13.50	125.00	290.00	10.00	0.00	7.00
13.50	125.00	310.00	10.00	0.00	7.00
13.50	135.00	350.00	10.00	0.00	8.00
13.50	125.00	340.00	10.00	0.00	8.00
13.50	125.00	360.00	10.00	0.00	8.00
13.50	135.00	400.00	10.00	0.00	9.00
13.50	125.00	390.00	10.00	0.00	9.00
13.50	125.00	410.00	10.00	0.00	9.00
13.50	135.00	450.00	10.00	0.00	10.00
13.50	125.00	440.00	10.00	0.00	10.00
13.50	125.00	460.00	10.00	0.00	10.00
13.50	135.00	500.00	10.00	0.00	11.00
13.50	125.00	490.00	10.00	0.00	11.00
13.50	125.00	510.00	10.00	0.00	11.00
13.50	135.00	550.00	10.00	0.00	12.00
13.50	125.00	540.00	10.00	0.00	12.00
13.50	125.00	560.00	10.00	0.00	12.00
13.50	135.00	600.00	10.00	0.00	13.00
13.50	125.00	590.00	10.00	0.00	13.00
13.50	125.00	610.00	10.00	0.00	13.00
13.50	135.00	650.00	10.00	0.00	14.00
13.50	125.00	640.00	10.00	0.00	14.00
13.50	125.00	660.00	10.00	0.00	14.00
13.50	135.00	700.00	10.00	0.00	15.00
13.50	125.00	690.00	10.00	0.00	15.00
13.50	125.00	710.00	10.00	0.00	15.00
13.50	135.00	750.00	10.00	0.00	16.00
13.50	125.00	740.00	10.00	0.00	16.00
13.50	125.00	760.00	10.00	0.00	16.00
14.00	140.00	0.00	10.00	0.00	1.00
14.00	130.00	-10.00	10.00	0.00	1.00
14.00	130.00	10.00	10.00	0.00	1.00
14.00	140.00	50.00	10.00	0.00	2.00
14.00	130.00	40.00	10.00	0.00	2.00
14.00	130.00	60.00	10.00	0.00	2.00
14.00	140.00	100.00	10.00	0.00	3.00
14.00	130.00	90.00	10.00	0.00	3.00
14.00	130.00	110.00	10.00	0.00	3.00
14.00	140.00	150.00	10.00	0.00	4.00
14.00	130.00	140.00	10.00	0.00	4.00
14.00	130.00	160.00	10.00	0.00	4.00
14.00	140.00	200.00	10.00	0.00	5.00
14.00	130.00	190.00	10.00	0.00	5.00
14.00	130.00	210.00	10.00	0.00	5.00
14.00	140.00	250.00	10.00	0.00	6.00
14.00	130.00	240.00	10.00	0.00	6.00
14.00	130.00	260.00	10.00	0.00	6.00
14.00	140.00	300.00	10.00	0.00	7.00
14.00	130.00	290.00	10.00	0.00	7.00
14.00	130.00	310.00	10.00	0.00	7.00
14.00	140.00	350.00	10.00	0.00	8.00
14.00	130.00	340.00	10.00	0.00	8.00
14.00	130.00	360.00	10.00	0.00	8.00
14.00	140.00	400.00	10.00	0.00	9.00
14.00	130.00	390.00	10.00	0.00	9.00
14.00	130.00	410.00	10.00	0.00	9.00
14.00	140.00	450.00	10.00	0.00	10.00
14.00	130.00	440.00	10.00	0.00	10.00
14.00	130.00	460.00	10.00	0.00	10.00
14.00	140.00	500.00	10.00	0.00	11.00
14.00	130.00	490.00	10.00	0.00	11.00
14.00	130.00	510.00	10.00	0.00	11.00
14.00	140.00	550.00	10.00	0.00	12.00
14.00	130.00	540.00	10.00	0.00	12.00
14.00	130.00	560.00	10.00	0.00	12.00
14.00	140.00	600.00	10.00	0.00	13.00
14.00	130.00	590.00	10.00	0.00	13.00
14.00	130.00	610.00	10.00	0.00	13.00
14.00	140.00	650.00	10.00	0.00	14.00
14.00	130.00	640.00	10.00	0.00	14.00
14.00	130.00	660.00	10.00	0.00	14.00
14.00	140.00	700.00	10.00	0.00	15.00
14.00	130.00	690.00	10.00	0.00	15.00
14.00	130.00	710.00	10.00	0.00	15.00
14.00	140.00	750.00	10.00	0.00	16.00
14.00	130.00	740.00	10.00	0.00	16.00
14.00	130.00	760.00	10.00	0.00	16.00
14.50	145.00	0.00	10.00	0.00	1.00
14.50	135.00	-10.00	10.00	0.00	1.00
14.50	135.00	10.00	10.00	0.00	1.00
14.50	145.00	50.00	10.00	0.00	2.00
14.50	135.00	40.00	10.00	0.00	2.00
14.50	135.00	60.00	10.00	0.00	2.00
14.50	145.00	100.00	10.00	0.00	3.00
14.50	135.00	90.00	10.00	0.00	3.00
14.50	135.00	110.00	10.00	0.00	3.00
14.50	145.00	150.00	10.00	0.00	4.00
14.50	135.00	140.00	10.00	0.00	4.00
14.50	135.00	160.00	10.00	0.00	4.00
14.50	145.00	200.00	10.00	0.00	5.00
14.50	135.00	190.00	10.00	0.00	5.00
14.50	135.00	210.00	10.00	0.00	5.00
14.50	145.00	250.00	10.00	0.00	6.00
14.50	135.00	240.00	10.00	0.00	6.00
14.50	135.00	260.00	10.00	0.00	6.00
14.50	145.00	300.00	10.00	0.00	7.00
14.50	135.00	290.00	10.00	0.00	7.00
14.50	135.00	310.00	10.00	0.00	7.00
14.50	145.00	350.00	10.00	0.00	8.00
14.50	135.00	340.00	10.00	0.00	8.00
14.50	135.00	360.00	10.00	0.00	8.00
14.50	145.00	400.00	10.00	0.00	9.00
14.50	135.00	390.00	10.00	0.00	9.00
14.50	135.00	410.00	10.00	0.00	9.00
14.50	145.00	450.00	10.00	0.00	10.00
14.50	135.00	440.00	10.00	0.00	10.00
14.50	135.00	460.00	10.00	0.00	10.00
14.50	145.00	500.00	10.00	0.00	11.00
14.50	135.00	490.00	10.00	0.00	11.00
14.50	135.00	510.00	10.00	0.00	11.00
14.50	145.00	550.00	10.00	0.00	12.00
14.50	135.00	540.00	10.00	0.00	12.00
14.50	135.00	560.00	10.00	0.00	12.00
14.50	145.00	600.00	10.00	0.00	13.00
14.50	135.00	590.00	10.00	0.00	13.00
14.50	135.00	610.00	10.00	0.00	13.00
14.50	145.00	650.00	10.00	0.00	14.00
14.50	135.00	640.00	10.00	0.00	14.00
14.50	135.00	660.00	10.00	0.00	14.00
14.50	145.00	700.00	10.00	0.00	15.00
14.50	135.00	690.00	10.00	0.00	15.00
14.50	135.00	710.00	10.00	0.00	15.00
14.50	145.00	750.00	10.00	0.00	16.00
14.50	135.00	740.00	10.00	0.00	16.00
14.50	135.00	760.00	10.00	0.00	16.00
15.00	150.00	0.00	10.00	0.00	1.00
15.00	140.00	-10.00	10.00	0.00	1.00
15.00	140.00	10.00	10.00	0.00	1.00
15.00	150.00	50.00	10.00	0.00	2.00
15.00	140.00	40.00	10.00	0.00	2.00
15.00	140.00	60.00	10.00	0.00	2.00
15.00	150.00	100.00	10.00	0.00	3.00
15.00	140.00	90.00	10.00	0.00	3.00
15.00	140.00	110.00	10.00	0.00	3.00
15.00	150.00	150.00	10.00	0.00	4.00
15.00	140.00	140.00	10.00	0.00	4.00
15.00	140.00	160.00	10.00	0.00	4.00
15.00	150.00	200.00	10.00	0.00	5.00
15.00	140.00	190.00	10.00	0.00	5.00
15.00	140.00	210.00	10.00	0.00	5.00
15.00	150.00	250.00	10.00	0.00	6.00
15.00	140.00	240.00	10.00	0.00	6.00
15.00	140.00	260.00	10.00	0.00	6.00
15.00	150.00	300.00	10.00	0.00	7.00
15.00	140.00	290.00	10.00	0.00	7.00
15.00	140.00	310.00	10.00	0.00	7.00
15.00	150.00	350.00	10.00	0.00	8.00
15.00	140.00	340.00	10.00	0.00	8.00
15.00	140.00	360.00	10.00	0.00	8.00
15.00	150.00	400.00	10.00	0.00	9.00
15.00	140.00	390.00	10.00	0.00	9.00
15.00	140.00	410.00	10.00	0.00	9.00
15.00	150.00	450.00	10.00	0.00	10.00
15.00	140.00	440.00	10.00	0.00	10.00
15.00	140.00	460.00	10.00	0.00	10.00
15.00	150.00	500.00	10.00	0.00	11.00
15.00	140.00	490.00	10.00	0.00	11.00
15.00	140.00	510.00	10.00	0.00	11.00
15.00	150.00	550.00	10.00	0.00	12.00
15.00	140.00	540.00	10.00	0.00	12.00
15.00	140.00	560.00	10.00	0.00	12.00
15.00	150.00	600.00	10.00	0.00	13.00
15.00	140.00	590.00	10.00	0.00	13.00
15.00	140.00	610.00	10.00	0.00	13.00
15.00	150.00	650.00	10.00	0.00	14.00
15.00	140.00	640.00	10.00	0.00	14.00
15.00	140.00	660.00	10.00	0.00	14.00
15.00	150.00	700.00	10.00	0.00	15.00
15.00	140.00	690.00	10.00	0.00	15.00
15.00	140.00	710.00	10.00	0.00	15.00
15.00	150.00	750.00	10.00	0.00	16.00
15.00	140.00	740.00	10.00	0.00	16.00
15.00	140.00	760.00	10.00	0.00	16.00
15.50	155.00	0.00	10.00	0.00	1.00
15.50	145.00	-10.00	10.00	0.00	1.00
15.50	145.00	10.00	10.00	0.00	1.00
15.50	155.00	50.00	10.00	0.00	2.00
15.50	145.00	40.00	10.00	0.00	2.00
15.50	145.00	60.00	10.00	0.00	2.00
15.50	155.00	100.00	10.00	0.00	3.00
15.50	145.00	90.00	10.00	0.00	3.00
15.50	145.00	110.00	10.00	0.00	3.00
15.50	155.00	150.00	10.00	0.00	4.00
15.50	145.00	140.00	10.00	0.00	4.00
15.50	145.00	160.00	10.00	0.00	4.00
15.50	155.00	200.00	10.00	0.00	5.00
15.50	145.00	190.00	10.00	0.00	5.00
15.50	145.00	210.00	10.00	0.00	5.00
15.50	155.00	250.00	10.00	0.00	6.00
15.50	145.00	240.00	10.00	0.00	6.00
15.50	145.00	260.00	10.00	0.00	6.00
15.50	155.00	300.00	10.00	0.00	7.00
15.50	145.00	290.00	10.00	0.00	7.00
15.50	145.00	310.00	10.00	0.00	7.00
15.50	155.00	350.00	10.00	0.00	8.00
15.50	145.00	340.00	10.00	0.00	8.00
15.50	145.00	360.00	10.00	0.00	8.00
15.50	155.00	400.00	10.00	0.00	9.00
15.50	145.00	390.00	10.00	0.00	9.00
15.50	145.00	410.00	10.00	0.00	9.00
15.50	155.00	450.00	10.00	0.00	10.00
15.50	145.00	440.00	10.00	0.00	10.00
15.50	145.00	460.00	10.00	0.00	10.00
15.50	155.00	500.00	10.00	0.00	11.00
15.50	145.00	490.00	10.00	0.00	11.00
15.50	145.00	510.00	10.00	0.00	11.00
15.50	155.00	550.00	10.00	0.00	12.00
15.50	145.00	540.00	10.00	0.00	12.00
15.50	145.00	560.00	10.00	0.00	12.00
15.50	155.00	600.00	10.00	0.00	13.00
15.50	145.00	590.00	10.00	0.00	13.00
15.50	145.00	610.00	10.00	0.00	13.00
15.50	155.00	650.00	10.00	0.00	14.00
15.50	145.00	640.00	10.00	0.00	14.00
15.50	145.00	660.00	10.00	0.00	14.00
15.50	155.00	700.00	10.00	0.00	15.00
15.50	145.00	690.00	10.00	0.00	15.00
15.50	145.00	710.00	10.00	0.00	15.00
15.50	155.00	750.00	10.00	0.00	16.00
15.50	145.00	740.00	10.00	0.00	16.00
15.50	145.00	760.00	10.00	0.00	16.00
16.00	160.00	0.00	10.00	0.00	1.00
16.00	150.00	-10.00	10.00	0.00	1.00
16.00	150.00	10.00	10.00	0.00	1.00
16.00	160.00	50.00	10.00	0.00	2.00
16.00	150.00	40.00	10.00	0.00	2.00
16.00	150.00	60.00	10.00	0.00	2.00
16.00	160.00	100.00	10.00	0.00	3.00
16.00	150.00	90.00	10.00	0.00	3.00
16.00	150.00	110.00	10.00	0.00	3.00
16.00	160.00	150.00	10.00	0.00	4.00
16.00	150.00	140.00	10.00	0.00	4.00
16.00	150.00	160.00	10.00	0.00	4.00
16.00	160.00	200.00	10.00	0.00	5.00
16.00	150.00	190.00	10.00	0.00	5.00
16.00	150.00	210.00	10.00	0.00	5.00
16.00	160.00	250.00	10.00	0.00	6.00
16.00	150.00	240.00	10.00	0.00	6.00
16.00	150.00	260.00	10.00	0.00	6.00
16.00	160.00	300.00	10.00	0.00	7.00
16.00	150.00	290.00	10.00	0.00	7.00
16.00	150.00	310.00	10.00	0.00	7.00
16.00	160.00	350.00	10.00	0.00	8.00
16.00	150.00	340.00	10.00	0.00	8.00
16.00	150.00	360.00	10.00	0.00	8.00
16.00	160.00	400.00	10.00	0.00	9.00
16.00	150.00	390.00	10.00	0.00	9.00
16.00	150.00	410.00	10.00	0.00	9.00
16.00	160.00	450.00	10.00	0.00	10.00
16.00	150.00	440.00	10.00	0.00	10.00
16.00	150.00	460.00	10.00	0.00	10.00
16.00	160.00	500.00	10.00	0.00	11.00
16.00	150.00	490.00	10.00	0.00	11.00
16.00	150.00	510.00	10.00	0.00	11.00
16.00	160.00	550.00	10.00	0.00	12.00
16.00	150.00	540.00	10.00	0.00	12.00
16.00	150.00	560.00	10.00	0.00	12.00
16.00	160.00	600.00	10.00	0.00	13.00
16.00	150.00	590.00	10.00	0.00	13.00
16.00	150.00	610.00	10.00	0.00	13.00
16.00	160.00	650.00	10.00	0.00	14.00
16.00	150.00	640.00	10.00	0.00	14.00
16.00	150.00	660.00	10.00	0.00	14.00
16.00	160.00	700.00	10.00	0.00	15.00
16.00	150.00	690.00	10.00	0.00	15.00
16.00	150.00	710.00	10.00	0.00	15.00
16.00	160.00	750.00	10.00	0.00	16.00
16.00	150.00	740.00	10.00	0.00	16.00
16.00	150.00	760.00	10.00	0.00	16.00
16.50	165.00	0.00	10.00	0.00	1.00
16.50	155.00	-10.00	10.00	0.00	1.00
16.50	155.00	10.00	10.00	0.00	1.00
16.50	165.00	50.00	10.00	0.00	2.00
16.50	155.00	40.00	10.00	0.00	2.00
16.50	155.00	60.00	10.00	0.00	2.00
16.50	165.00	100.00	10.00	0.00	3.00
16.50	155.00	90.00	10.00	0.00	3.00
16.50	155.00	110.00	10.00	0.00	3.00
16.50	165.00	150.00	10.00	0.00	4.00
16.50	155.00	140.00	10.00	0.00	4.00
16.50	155.00	160.00	10.00	0.00	4.00
16.50	165.00	200.00	10.00	0.00	5.00
16.50	155.00	190.00	10.00	0.00	5.00
16.50	155.00	210.00	10.00	0.00	5.00
16.50	165.00	250.00	10.00	0.00	6.00
16.50	155.00	240.00	10.00	0.00	6.00
16.50	155.00	260.00	10.00	0.00	6.00
16.50	165.00	300.00	10.00	0.00	7.00
16.50	155.00	290.00	10.00	0.00	7.00
16.50	155.00	310.00	10.00	0.00	7.00
16.50	165.00	350.00	10.00	0.00	8.00
16.50	155.00	340.00	10.00	0.00	8.00
16.50	155.00	360.00	10.00	0.00	8.00
16.50	165.00	400.00	10.00	0.00	9.00
16.50	155.00	390.00	10.00	0.00	9.00
16.50	155.00	410.00	10.00	0.00	9.00
16.50	165.00	450.00	10.00	0.00	10.00
16.50	155.00	440.00	10.00	0.00	10.00
16.50	155.00	460.00	10.00	0.00	10.00
16.50	165.00	500.00	10.00	0.00	11.00
16.50	155.00	490.00	10.00	0.00	11.00
16.50	155.00	510.00	10.00	0.00	11.00
16.50	165.00	550.00	10.00	0.00	12.00
16.50	155.00	540.00	10.00	0.00	12.00
16.50	155.00	560.00	10.00	0.00	12.00
16.50	165.00	600.00	10.00	0.00	13.00
16.50	155.00	590.00	10.00	0.00	13.00
16.50	155.00	610.00	10.00	0.00	13.00
16.50	165.00	650.00	10.00	0.00	14.00
16.50	155.00	640.00	10.00	0.00	14.00
16.50	155.00	660.00	10.00	0.00	14.00
16.50	165.00	700.00	10.00	0.00	15.00
16.50	155.00	690.00	10.00	0.00	15.00
16.50	155.00	710.00	10.00	0.00	15.00
16.50	165.00	750.00	10.00	0.00	16.00
16.50	155.00	740.00	10.00	0.00	16.00
16.50	155.00	760.00	10.00	0.00	16.00
17.00	170.00	0.00	10.00	0.00	1.00
17.00	160.00	-10.00	10.00	0.00	1.00
17.00	160.00	10.00	10.00	0.00	1.00
17.00	170.00	50.00	10.00	0.00	2.00
17.00	160.00	40.00	10.00	0.00	2.00
17.00	160.00	60.00	10.00	0.00	2.00
17.00	170.00	100.00	10.00	0.00	3.00
17.00	160.00	90.00	10.00	0.00	3.00
17.00	160.00	110.00	10.00	0.00	3.00
17.00	170.00	150.00	10.00	0.00	4.00
17.00	160.00	140.00	10.00	0.00	4.00
17.00	160.00	160.00	10.00	0.00	4.00
17.00	170.00	200.00	10.00	0.00	5.00
17.00	160.00	190.00	10.00	0.00	5.00
17.00	160.00	210.00	10.00	0.00	5.00
17.00	170.00	250.00	10.00	0.00	6.00
17.00	160.00	240.00	10.00	0.00	6.00
17.00	160.00	260.00	10.00	0.00	6.00
17.00	170.00	300.00	10.00	0.00	7.00
17.00	160.00	290.00	10.00	0.00	7.00
17.00	160.00	310.00	10.00	0.00	7.00
17.00	170.00	350.00	10.00	0.00	8.00
17.00	160.00	340.00	10.00	0.00	8.00
17.00	160.00	360.00	10.00	0.00	8.00
17.00	170.00	400.00	10.00	0.00	9.00
17.00	160.00	390.00	10.00	0.00	9.00
17.00	160.00	410.00	10.00	0.00	9.00
17.00	170.00	450.00	10.00	0.00	10.00
17.00	160.00	440.00	10.00	0.00	10.00
17.00	160.00	460.00	10.00	0.00	10.00
17.00	170.00	500.00	10.00	0.00	11.00
17.00	160.00	490.00	10.00	0.00	11.00
17.00	160.00	510.00	10.00	0.00	11.00
17.00	170.00	550.00	10.00	0.00	12.00
17.00	160.00	540.00	10.00	0.00	12.00
17.00	160.00	560.00	10.00	0.00	12.00
17.00	170.00	600.00	10.00	0.00	13.00
17.00	160.00	590.00	10.00	0.00	13.00
17.00	160.00	610.00	10.00	0.00	13.00
17.00	170.00	650.00	10.00	0.00	14.00
17.00	160.00	640.00	10.00	0.00	14.00
17.00	160.00	660.00	10.00	0.00	14.00
17.00	170.00	700.00	10.00	0.00	15.00
17.00	160.00	690.00	10.00	0.00	15.00
17.00	160.00	710.00	10.00	0.00	15.00
17.00	170.00	750.00	10.00	0.00	16.00
17.00	160.00	740.00	10.00	0.00	16.00
17.00	160.00	760.00	10.00	0.00	16.00
17.50	175.00	0.00	10.00	0.00	1.00
17.50	165.00	-10.00	10.00	0.00	1.00
17.50	165.00	10.00	10.00	0.00	1.00
17.50	175.00	50.00	10.00	0.00	2.00
17.50	165.00	40.00	10.00	0.00	2.00
17.50	165.00	60.00	10.00	0.00	2.00
17.50	175.00	100.00	10.00	0.00	3.00
17.50	165.00	90.00	10.00	0.00	3.00
17.50	165.00	110.00	10.00	0.00	3.00
17.50	175.00	150.00	10.00	0.00	4.00
17.50	165.00	140.00	10.00	0.00	4.00
17.50	165.00	160.00	10.00	0.00	4.00
17.50	175.00	200.00	10.00	0.00	5.00
17.50	165.00	190.00	10.00	0.00	5.00
17.50	165.00	210.00	10.00	0.00	5.00
17.50	175.00	250.00	10.00	0.00	6.00
17.50	165.00	240.00	10.00	0.00	6.00
17.50	165.00	260.00	10.00	0.00	6.00
17.50	175.00	300.00	10.00	0.00	7.00
17.50	165.00	290.00	10.00	0.00	7.00
17.50	165.00	310.00	10.00	0.00	7.00
17.50	175.00	350.00	10.00	0.00	8.00
17.50	165.00	340.00	10.00	0.00	8.00
17.50	165.00	360.00	10.00	0.00	8.00
17.50	175.00	400.00	10.00	0.00	9.00
17.50	165.00	390.00	10.00	0.00	9.00
17.50	165.00	410.00	10.00	0.00	9.00
17.50	175.00	450.00	10.00	0.00	10.00
17.50	165.00	440.00	10.00	0.00	10.00
17.50	165.00	460.00	10.00	0.00	10.00
17.50	175.00	500.00	10.00	0.00	11.00
17.50	165.00	490.00	10.00	0.00	11.00
17.50	165.00	510.00	10.00	0.00	11.00
17.50	175.00	550.00	10.00	0.00	12.00
17.50	165.00	540.00	10.00	0.00	12.00
17.50	165.00	560.00	10.00	0.00	12.00
17.50	175.00	600.00	10.00	0.00	13.00
17.50	165.00	590.00	10.00	0.00	13.00
17.50	165.00	610.00	10.00	0.00	13.00
17.50	175.00	650.00	10.00	0.00	14.00
17.50	165.00	640.00	10.00	0.00	14.00
17.50	165.00	660.00	10.00	0.00	14.00
17.50	175.00	700.00	10.00	0.00	15.00
17.50	165.00	690.00	10.00	0.00	15.00
17.50	165.00	710.00	10.00	0.00	15.00
17.50	175.00	750.00	10.00	0.00	16.00
17.50	165.00	740.00	10.00	0.00	16.00
17.50	165.00	760.00	10.00	0.00	16.00
18.00	180.00	0.00	10.00	0.00	1.00
18.00	170.00	-10.00	10.00	0.00	1.00
18.00	170.00	10.00	10.00	0.00	1.00
18.00	180.00	50.00	10.00	0.00	2.00
18.00	170.00	40.00	10.00	0.00	2.00
18.00	170.00	60.00	10.00	0.00	2.00
18.00	180.00	100.00	10.00	0.00	3.00
18.00	170.00	90.00	10.00	0.00	3.00
18.00	170.00	110.00	10.00	0.00	3.00
18.00	180.00	150.00	10.00	0.00	4.00
18.00	170.00	140.00	10.00	0.00	4.00
18.00	170.00	160.00	10.00	0.00	4.00
18.00	180.00	200.00	10.00	0.00	5.00
18.00	170.00	190.00	10.00	0.00	5.00
18.00	170.00	210.00	10.00	0.00	5.00
18.00	180.00	250.00	10.00	0.00	6.00
18.00	170.00	240.00	10.00	0.00	6.00
18.00	170.00	260.00	10.00	0.00	6.00
18.00	180.00	300.00	10.00	0.00	7.00
18.00	170.00	290.00	10.00	0.00	7.00
18.00	170.00	310.00	10.00	0.00	7.00
18.00	180.00	350.00	10.00	0.00	8.00
18.00	170.00	340.00	10.00	0.00	8.00
18.00	170.00	360.00	10.00	0.00	8.00
18.00	180.00	400.00	10.00	0.00	9.00
18.00	170.00	390.00	10.00	0.00	9.00
18.00	170.00	410.00	10.00	0.00	9.00
18.00	180.00	450.00	10.00	0.00	10.00
18.00	170.00	440.00	10.00	0.00	10.00
18.00	170.00	460.00	10.00	0.00	10.00
18.00	180.00	500.00	10.00	0.00	11.00
18.00	170.00	490.00	10.00	0.00	11.00
18.00	170.00	510.00	10.00	0.00	11.00
18.00	180.00	550.00	10.00	0.00	12.00
18.00	170.00	540.00	10.00	0.00	12.00
18.00	170.00	560.00	10.00	0.00	12.00
18.00	180.00	600.00	10.00	0.00	13.00
18.00	170.00	590.00	10.00	0.00	13.00
18.00	170.00	610.00	10.00	0.00	13.00
18.00	180.00	650.00	10.00	0.00	14.00
18.00	170.00	640.00	10.00	0.00	14.00
18.00	170.00	660.00	10.00	0.00	14.00
18.00	180.00	700.00	10.00	0.00	15.00
18.00	170.00	690.00	10.00	0.00	15.00
18.00	170.00	710.00	10.00	0.00	15.00
18.00	180.00	750.00	10.00	0.00	16.00
18.00	170.00	740.00	10.00	0.00	16.00
18.00	170.00	760.00	10.00	0.00	16.00
18.50	185.00	0.00	10.00	0.00	1.00
18.50	175.00	-10.00	10.00	0.00	1.00
18.50	175.00	10.00	10.00	0.00	1.00
18.50	185.00	50.00	10.00	0.00	2.00
18.50	175.00	40.00	10.00	0.00	2.00
18.50	175.00	60.00	10.00	0.00	2.00
18.50	185.00	100.00	10.00	0.00	3.00
18.50	175.00	90.00	10.00	0.00	3.00
18.50	175.00	110.00	10.00	0.00	3.00
18.50	185.00	150.00	10.00	0.00	4.00
18.50	175.00	140.00	10.00	0.00	4.00
18.50	175.00	160.00	10.00	0.00	4.00
18.50	185.00	200.00	10.00	0.00	5.00
18.50	175.00	190.00	10.00	0.00	5.00
18.50	175.00	210.00	10.00	0.00	5.00
18.50	185.00	250.00	10.00	0.00	6.00
18.50	175.00	240.00	10.00	0.00	6.00
18.50	175.00	260.00	10.00	0.00	6.00
18.50	185.00	300.00	10.00	0.00	7.00
18.50	175.00	290.00	10.00	0.00	7.00
18.50	175.00	310.00	10.00	0.00	7.00
18.50	185.00	350.00	10.00	0.00	8.00
18.50	175.00	340.00	10.00	0.00	8.00
18.50	175.00	360.00	10.00	0.00	8.00
18.50	185.00	400.00	10.00	0.00	9.00
18.50	175.00	390.00	10.00	0.00	9.00
18.50	175.00	410.00	10.00	0.00	9.00
18.50	185.00	450.00	10.00	0.00	10.00
18.50	175.00	440.00	10.00	0.00	10.00
18.50	175.00	460.00	10.00	0.00	10.00
18.50	185.00	500.00	10.00	0.00	11.00
18.50	175.00	490.00	10.00	0.00	11.00
18.50	175.00	510.00	10.00	0.00	11.00
18.50	185.00	550.00	10.00	0.00	12.00
18.50	175.00	540.00	10.00	0.00	12.00
18.50	175.00	560.00	10.00	0.00	12.00
18.50	185.00	600.00	10.00	0.00	13.00
18.50	175.00	590.00	10.00	0.00	13.00
18.50	175.00	610.00	10.00	0.00	13.00
18.50	185.00	650.00	10.00	0.00	14.00
18.50	175.00	640.00	10.00	0.00	14.00
18.50	175.00	660.00	10.00	0.00	14.00
18.50	185.00	700.00	10.00	0.00	15.00
18.50	175.00	690.00	10.00	0.00	15.00
18.50	175.00	710.00	10.00	0.00	15.00
18.50	185.00	750.00	10.00	0.00	16.00
18.50	175.00	740.00	10.00	0.00	16.00
18.50	175.00	760.00	10.00	0.00	16.00
19.00	190.00	0.00	10.00	0.00	1.00
19.00	180.00	-10.00	10.00	0.00	1.00
19.00	180.00	10.00	10.00	0.00	1.00
19.00	190.00	50.00	10.00	0.00	2.00
19.00	180.00	40.00	10.00	0.00	2.00
19.00	180.00	60.00	10.00	0.00	2.00
19.00	190.00	100.00	10.00	0.00	3.00
19.00	180.00	90.00	10.00	0.00	3.00
19.00	180.00	110.00	10.00	0.00	3.00
19.00	190.00	150.00	10.00	0.00	4.00
19.00	180.00	140.00	10.00	0.00	4.00
19.00	180.00	160.00	10.00	0.00	4.00
19.00	190.00	200.00	10.00	0.00	5.00
19.00	180.00	190.00	10.00	0.00	5.00
19.00	180.00	210.00	10.00	0.00	5.00
19.00	190.00	250.00	10.00	0.00	6.00
19.00	180.00	240.00	10.00	0.00	6.00
19.00	180.00	260.00	10.00	0.00	6.00
19.00	190.00	300.00	10.00	0.00	7.00
19.00	180.00	290.00	10.00	0.00	7.00
19.00	180.00	310.00	10.00	0.00	7.00
19.00	190.00	350.00	10.00	0.00	8.00
19.00	180.00	340.00	10.00	0.00	8.00
19.00	180.00	360.00	10.00	0.00	8.00
19.00	190.00	400.00	10.00	0.00	9.00
19.00	180.00	390.00	10.00	0.00	9.00
19.00	180.00	410.00	10.00	0.00	9.00
19.00	190.00	450.00	10.00	0.00	10.00
19.00	180.00	440.00	10.00	0.00	10.00
19.00	180.00	460.00	10.00	0.00	10.00
19.00	190.00	500.00	10.00	0.00	11.00
19.00	180.00	490.00	10.00	0.00	11.00
19.00	180.00	510.00	10.00	0.00	11.00
19.00	190.00	550.00	10.00	0.00	12.00
19.00	180.00	540.00	10.00	0.00	12.00
19.00	180.00	560.00	10.00	0.00	12.00
19.00	190.00	600.00	10.00	0.00	13.00
19.00	180.00	590.00	10.00	0.00	13.00
19.00	180.00	610.00	10.00	0.00	13.00
19.00	190.00	650.00	10.00	0.00	14.00
19.00	180.00	640.00	10.00	0.00	14.00
19.00	180.00	660.00	10.00	0.00	14.00
19.00	190.00	700.00	10.00	0.00	15.00
19.00	180.00	690.00	10.00	0.00	15.00
19.00	180.00	710.00	10.00	0.00	15.00
19.00	190.00	750.00	10.00	0.00	16.00
19.00	180.00	740.00	10.00	0.00	16.00
19.00	180.00	760.00	10.00	0.00	16.00
19.50	195.00	0.00	10.00	0.00	1.00
19.50	185.00	-10.00	10.00	0.00	1.00
19.50	185.00	10.00	10.00	0.00	1.00
19.50	195.00	50.00	10.00	0.00	2.00
19.50	185.00	40.00	10.00	0.00	2.00
19.50	185.00	60.00	10.00	0.00	2.00
19.50	195.00	100.00	10.00	0.00	3.00
19.50	185.00	90.00	10.00	0.00	3.00
19.50	185.00	110.00	10.00	0.00	3.00
19.50	195.00	150.00	10.00	0.00	4.00
19.50	185.00	140.00	10.00	0.00	4.00
19.50	185.00	160.00	10.00	0.00	4.00
19.50	195.00	200.00	10.00	0.00	5.00
19.50	185.00	190.00	10.00	0.00	5.00
19.50	185.00	210.00	10.00	0.00	5.00
19.50	195.00	250.00	10.00	0.00	6.00
19.50	185.00	240.00	10.00	0.00	6.00
19.50	185.00	260.00	10.00	0.00	6.00
19.50	195.00	300.00	10.00	0.00	7.00
19.50	185.00	290.00	10.00	0.00	7.00
19.50	185.00	310.00	10.00	0.00	7.00
19.50	195.00	350.00	10.00	0.00	8.00
19.50	185.00	340.00	10.00	0.00	8.00
19.50	185.00	360.00	10.00	0.00	8.00
19.50	195.00	400.00	10.00	0.00	9.00
19.50	185.00	390.00	10.00	0.00	9.00
19.50	185.00	410.00	10.00	0.00	9.00
19.50	195.00	450.00	10.00	0.00	10.00
19.50	185.00	440.00	10.00	0.00	10.00
19.50	185.00	460.00	10.00	0.00	10.00
19.50	195.00	500.00	10.00	0.00	11.00
19.50	185.00	490.00	10.00	0.00	11.00
19.50	185.00	510.00	10.00	0.00	11.00
19.50	195.00	550.00	10.00	0.00	12.00
19.50	185.00	540.00	10.00	0.00	12.00
19.50	185.00	560.00	10.00	0.00	12.00
19.50	195.00	600.00	10.00	0.00	13.00
19.50	185.00	590.00	10.00	0.00	13.00
19.50	185.00	610.00	10.00	0.00	13.00
19.50	195.00	650.00	10.00	0.00	14.00
19.50	185.00	640.00	10.00	0.00	14.00
19.50	185.00	660.00	10.00	0.00	14.00
19.50	195.00	700.00	10.00	0.00	15.00
19.50	185.00	690.00	10.00	0.00	15.00
19.50	185.00	710.00	10.00	0.00	15.00
19.50	195.00	750.00	10.00	0.00	16.00
19.50	185.00	740.00	10.00	0.00	16.00
19.50	185.00	760.00	10.00	0.00	16.00
20.00	200.00	0.00	10.00	0.00	1.00
20.00	190.00	-10.00	10.00	0.00	1.00
20.00	190.00	10.00	10.00	0.00	1.00
20.00	200.00	50.00	10.00	0.00	2.00
20.00	190.00	40.00	10.00	0.00	2.00
20.00	190.00	60.00	10.00	0.00	2.00
20.00	200.00	100.00	10.00	0.00	3.00
20.00	190.00	90.00	10.00	0.00	3.00
20.00	190.00	110.00	10.00	0.00	3.00
20.00	200.00	150.00	10.00	0.00	4.00
20.00	190.00	140.00	10.00	0.00	4.00
20.00	190.00	160.00	10.00	0.00	4.00
20.00	200.00	200.00	10.00	0.00	5.00
20.00	190.00	190.00	10.00	0.00	5.00
20.00	190.00	210.00	10.00	0.00	5.00
20.00	200.00	250.00	10.00	0.00	6.00
20.00	190.00	240.00	10.00	0.00	6.00
20.00	190.00	260.00	10.00	0.00	6.00
20.00	200.00	300.00	10.00	0.00	7.00
20.00	190.00	290.00	10.00	0.00	7.00
20.00	190.00	310.00	10.00	0.00	7.00
20.00	200.00	350.00	10.00	0.00	8.00
20.00	190.00	340.00	10.00	0.00	8.00
20.00	190.00	360.00	10.00	0.00	8.00
20.00	200.00	400.00	10.00	0.00	9.00
20.00	190.00	390.00	10.00	0.00	9.00
20.00	190.00	410.00	10.00	0.00	9.00
20.00	200.00	450.00	10.00	0.00	10.00
20.00	190.00	440.00	10.00	0.00	10.00
20.00	190.00	460.00	10.00	0.00	10.00
20.00	200.00	500.00	10.00	0.00	11.00
20.00	190.00	490.00	10.00	0.00	11.00
20.00	190.00	510.00	10.00	0.00	11.00
20.00	200.00	550.00	10.00	0.00	12.00
20.00	190.00	540.00	10.00	0.00	12.00
20.00	190.00	560.00	10.00	0.00	12.00
20.00	200.00	600.00	10.00	0.00	13.00
20.00	190.00	590.00	10.00	0.00	13.00
20.00	190.00	610.00	10.00	0.00	13.00
20.00	200.00	650.00	10.00	0.00	14.00
20.00	190.00	640.00	10.00	0.00	14.00
20.00	190.00	660.00	10.00	0.00	14.00
20.00	200.00	700.00	10.00	0.00	15.00
20.00	190.00	690.00	10.00	0.00	15.00
20.00	190.00	710.00	10.00	0.00	15.00
20.00	200.00	750.00	10.00	0.00	16.00
20.00	190.00	740.00	10.00	0.00	16.00
20.00	190.00	760.00	10.00	0.00	16.00