0 70
0 70
2 70
4 70
8 70
12 70
18 70
24 70
32 70
40 70
50 70
60 70
70 70
80 70
90 70
100 70
110 70
120 70
130 70
140 70
150 70
150 0
160 70
150 5
170 70
150 10
180 70
151 15
190 70
153 20
200 70
155 24
210 70
157 29
220 70
160 33
230 70
163 37
240 70
167 40
250 70
171 43
260 70
175 46
270 70
179 49
280 70
184 50
290 70
189 52
300 70
193 53
310 70
198 53
320 70
208 53
330 70
218 53
340 70
228 53
350 70
238 53
360 70
248 53
370 70
258 53
380 70
268 53
390 70
278 53
400 70
288 53
410 70
298 53
420 70
308 53
430 70
318 53
440 70
328 53
450 70
338 53
460 70
348 53
470 70
358 53
480 70
368 53
490 70
378 53
500 70
388 53
510 70
398 53
520 70
403 53
530 70
408 53
540 70
413 52
550 70
418 50
560 70
423 49
570 70
427 46
580 70
431 43
590 70
435 40
600 70
439 37
610 70
442 33
620 70
445 29
630 70
447 24
640 70
449 20
650 70
450 15
660 70
451 10
670 70
452 5
680 70
690 70
700 70
710 70
720 70
730 70
740 70
750 70
760 70
770 70
780 70
788 70
796 70
802 70
808 70
812 70
816 70
818 70
820 70
