0.00	-0.84	52.59	14.63	0.06	1.00
0.00	10.37	49.63	15.09	0.07	1.00
0.00	20.52	49.43	15.16	0.01	1.00
0.00	48.31	98.97	9.55	0.03	2.00
0.00	61.00	100.90	10.11	-0.10	2.00
0.00	69.61	99.98	9.64	-0.10	2.00
0.50	10.99	51.12	14.48	-0.04	1.00
0.50	17.13	48.06	15.80	0.08	1.00
0.50	27.67	49.89	16.20	0.12	1.00
0.50	54.30	101.52	10.87	0.07	2.00
0.50	64.23	98.91	8.49	0.08	2.00
0.50	73.94	100.04	10.18	-0.11	2.00
1.00	14.37	50.78	13.64	-0.02	1.00
1.00	23.38	51.08	14.50	0.08	1.00
1.00	35.71	49.03	15.01	-0.09	1.00
1.00	60.39	99.96	8.90	0.14	2.00
1.00	68.42	99.07	10.50	-0.20	2.00
1.00	81.76	101.53	9.89	-0.01	2.00
1.50	23.18	51.40	14.93	0.05	1.00
1.50	31.19	50.80	15.71	-0.01	1.00
1.50	42.27	52.21	16.91	-0.06	1.00
1.50	65.28	100.28	11.09	0.17	2.00
1.50	74.49	100.91	10.54	-0.08	2.00
1.50	83.69	100.45	10.97	0.10	2.00
2.00	28.69	51.59	14.76	0.07	1.00
2.00	40.69	49.87	15.35	-0.04	1.00
2.00	50.40	49.53	15.32	-0.07	1.00
2.00	70.62	101.15	9.27	-0.01	2.00
2.00	78.88	101.00	10.47	-0.19	2.00
2.00	92.05	99.93	9.06	0.09	2.00
2.50	37.66	50.66	15.47	0.01	1.00
2.50	49.76	48.85	15.57	-0.03	1.00
2.50	58.47	50.33	13.69	0.00	1.00
2.50	74.17	97.47	9.06	0.08	2.00
2.50	84.57	98.98	9.28	0.18	2.00
2.50	94.66	100.30	11.03	0.01	2.00
3.00	46.18	49.22	14.43	-0.01	1.00
3.00	54.25	50.78	14.25	0.05	1.00
3.00	65.28	47.62	13.91	0.07	1.00
3.00	78.48	99.42	8.93	0.04	2.00
3.00	89.94	101.03	12.40	0.06	2.00
3.00	100.53	97.54	11.04	0.17	2.00
3.50	51.98	49.30	15.12	-0.01	1.00
3.50	61.58	49.24	16.03	-0.00	1.00
3.50	71.13	50.25	16.45	0.15	1.00
3.50	85.35	98.09	8.83	0.10	2.00
3.50	97.51	100.66	8.65	-0.18	2.00
3.50	104.47	101.94	11.30	-0.10	2.00
4.00	59.10	50.42	12.83	-0.04	1.00
4.00	70.41	51.38	14.91	-0.05	1.00
4.00	79.91	49.99	14.49	0.02	1.00
4.00	90.25	100.30	10.50	0.03	2.00
4.00	100.19	100.07	10.29	-0.10	2.00
4.00	108.63	100.82	9.28	0.01	2.00
4.50	67.81	50.84	14.76	-0.07	1.00
4.50	80.30	50.85	14.62	0.15	1.00
4.50	87.64	49.68	15.17	0.01	1.00
4.50	95.13	99.35	9.83	0.08	2.00
4.50	104.33	98.52	9.36	-0.08	2.00
4.50	115.13	99.19	8.38	-0.08	2.00
5.00	74.06	49.53	14.96	0.05	1.00
5.00	84.97	48.24	13.94	0.01	1.00
5.00	95.10	50.33	15.84	-0.06	1.00
5.00	98.93	99.11	10.89	0.08	2.00
5.00	110.37	98.67	10.04	0.10	2.00
5.00	120.17	100.43	8.97	-0.12	2.00
5.50	81.30	49.70	14.70	-0.20	1.00
5.50	91.19	48.02	15.53	0.01	1.00
5.50	103.29	50.18	14.38	0.02	1.00
5.50	103.32	99.34	10.02	0.08	2.00
5.50	114.82	98.63	7.85	-0.01	2.00
5.50	124.78	100.12	10.96	-0.02	2.00
6.00	89.62	50.24	15.36	0.00	1.00
6.00	100.51	53.68	14.94	0.12	1.00
6.00	109.13	49.24	16.97	-0.02	1.00
6.00	111.28	99.25	8.84	0.12	2.00
6.00	120.86	100.84	11.21	0.07	2.00
6.00	130.66	101.57	9.84	0.01	2.00
6.50	96.85	49.76	13.64	0.06	1.00
6.50	104.82	49.66	14.38	0.24	1.00
6.50	118.07	49.28	14.73	0.02	1.00
6.50	114.24	99.07	9.71	0.06	2.00
6.50	126.58	99.45	11.76	0.04	2.00
6.50	135.13	100.53	11.11	0.18	2.00
7.00	105.76	49.24	13.92	-0.02	1.00
7.00	115.78	50.39	15.50	0.07	1.00
7.00	124.47	50.02	15.41	0.03	1.00
7.00	118.83	101.38	11.39	0.04	2.00
7.00	131.79	100.47	9.96	0.03	2.00
7.00	138.92	101.52	9.13	-0.04	2.00
7.50	111.62	50.00	13.97	-0.07	1.00
7.50	120.52	50.39	15.71	-0.04	1.00
7.50	132.15	49.26	15.93	0.09	1.00
7.50	125.37	102.16	9.86	0.06	2.00
7.50	134.50	99.40	10.68	0.01	2.00
7.50	145.34	99.34	9.58	0.07	2.00
8.00	121.42	48.01	14.32	-0.02	1.00
8.00	129.50	49.47	13.73	-0.06	1.00
8.00	140.66	49.53	15.09	-0.02	1.00
8.00	130.39	99.98	9.45	0.11	2.00
8.00	140.93	99.30	9.81	0.02	2.00
8.00	149.86	99.42	10.29	-0.08	2.00
8.50	125.67	52.18	16.15	0.02	1.00
8.50	136.97	49.83	16.10	0.06	1.00
8.50	146.82	49.51	15.59	-0.02	1.00
8.50	134.70	100.73	10.68	0.01	2.00
8.50	145.87	99.14	11.09	-0.00	2.00
8.50	155.47	100.23	10.85	0.00	2.00
9.00	135.01	49.55	15.50	0.08	1.00
9.00	144.93	51.57	14.09	-0.06	1.00
9.00	154.22	49.43	15.20	-0.07	1.00
9.00	140.00	99.85	10.59	-0.04	2.00
9.00	150.50	98.87	10.79	0.01	2.00
9.00	159.73	99.90	12.11	0.07	2.00
9.50	143.50	51.05	16.18	-0.01	1.00
9.50	153.82	50.62	14.95	-0.01	1.00
9.50	162.99	48.21	16.35	-0.04	1.00
9.50	144.35	101.61	11.76	-0.13	2.00
9.50	155.55	100.77	9.33	0.09	2.00
9.50	165.38	99.86	9.33	-0.10	2.00
10.00	149.71	48.84	13.28	0.03	1.00
10.00	161.48	50.70	15.54	0.06	1.00
10.00	169.47	48.64	15.81	-0.01	1.00
10.00	148.23	101.52	9.79	-0.11	2.00
10.00	158.25	99.71	9.62	0.15	2.00
10.00	169.56	98.11	9.80	0.00	2.00
10.50	156.88	49.73	15.20	0.10	1.00
10.50	166.12	50.93	14.92	-0.09	1.00
10.50	175.66	49.36	13.98	0.08	1.00
10.50	154.71	99.01	9.95	0.02	2.00
10.50	163.91	100.99	11.97	0.04	2.00
10.50	174.88	98.51	11.01	-0.03	2.00
11.00	163.50	50.80	16.80	-0.01	1.00
11.00	173.68	51.21	13.66	-0.08	1.00
11.00	183.55	51.34	16.55	0.03	1.00
11.00	160.86	101.45	9.59	0.16	2.00
11.00	169.51	99.38	10.91	-0.10	2.00
11.00	178.75	100.15	9.34	-0.04	2.00
11.50	171.91	49.02	15.49	-0.06	1.00
11.50	182.16	49.60	15.82	0.05	1.00
11.50	193.63	50.32	15.27	0.13	1.00
11.50	164.45	100.42	8.19	0.16	2.00
11.50	173.14	100.09	10.86	-0.04	2.00
11.50	185.61	100.95	11.41	0.03	2.00
12.00	182.07	49.85	16.03	-0.04	1.00
12.00	188.47	49.33	15.80	-0.11	1.00
12.00	200.88	50.04	13.96	0.07	1.00
12.00	169.19	101.01	11.15	0.05	2.00
12.00	180.04	99.92	9.91	0.05	2.00
12.00	191.33	102.29	9.57	0.03	2.00
12.50	186.85	50.00	13.42	0.08	1.00
12.50	197.55	49.67	15.69	0.03	1.00
12.50	208.23	51.49	15.41	-0.04	1.00
12.50	175.90	101.15	11.76	-0.05	2.00
12.50	184.42	98.67	11.43	0.04	2.00
12.50	194.68	99.85	8.67	-0.09	2.00
13.00	195.46	50.29	15.45	-0.07	1.00
13.00	202.88	49.53	14.16	0.02	1.00
13.00	215.86	50.33	15.42	0.05	1.00
13.00	179.11	100.30	10.73	0.13	2.00
13.00	188.80	99.62	12.33	0.08	2.00
13.00	199.40	100.07	11.71	-0.08	2.00
13.50	201.75	49.77	16.27	0.04	1.00
13.50	212.07	49.77	15.18	0.04	1.00
13.50	222.73	50.54	14.31	0.06	1.00
13.50	184.04	100.48	10.27	-0.24	2.00
13.50	194.35	99.16	7.45	-0.01	2.00
13.50	204.00	100.71	10.59	-0.00	2.00
14.00	211.36	49.63	16.21	-0.10	1.00
14.00	220.35	50.67	14.42	-0.05	1.00
14.00	227.87	49.42	13.71	-0.04	1.00
14.00	189.29	99.93	9.03	0.04	2.00
14.00	198.60	100.76	10.85	-0.01	2.00
14.00	209.24	101.24	11.01	0.03	2.00
14.50	217.11	49.50	15.09	0.05	1.00
14.50	225.81	49.38	14.67	-0.02	1.00
14.50	236.22	50.64	14.80	-0.01	1.00
14.50	193.25	100.51	9.43	0.05	2.00
14.50	204.40	100.35	9.88	0.02	2.00
14.50	213.28	100.50	9.57	0.00	2.00
15.00	224.91	49.86	14.77	0.00	1.00
15.00	235.23	48.87	14.81	0.01	1.00
15.00	244.45	49.02	13.71	-0.02	1.00
15.00	199.68	99.21	10.20	0.00	2.00
15.00	209.91	99.13	10.36	0.12	2.00
15.00	219.90	100.56	10.38	-0.07	2.00
15.50	233.10	49.45	15.53	-0.02	1.00
15.50	242.65	50.29	17.05	0.13	1.00
15.50	253.46	50.55	16.56	-0.02	1.00
15.50	207.28	98.87	9.60	0.01	2.00
15.50	215.60	99.96	10.68	0.09	2.00
15.50	223.28	98.06	8.60	0.02	2.00
16.00	239.62	48.08	15.17	-0.07	1.00
16.00	249.04	50.62	15.28	0.02	1.00
16.00	261.56	48.87	14.11	-0.12	1.00
16.00	209.99	99.91	9.42	0.04	2.00
16.00	221.12	100.42	10.09	0.07	2.00
16.00	231.33	102.43	9.84	0.22	2.00
16.50	246.11	51.02	16.74	0.00	1.00
16.50	256.61	51.71	16.01	0.04	1.00
16.50	266.82	51.04	14.48	-0.09	1.00
16.50	215.65	99.43	9.99	0.07	2.00
16.50	225.47	98.98	11.39	-0.05	2.00
16.50	235.79	100.35	8.43	-0.01	2.00
17.00	255.84	50.46	15.18	-0.09	1.00
17.00	265.25	52.78	15.96	-0.00	1.00
17.00	275.21	48.82	13.78	-0.09	1.00
17.00	220.21	99.96	11.68	-0.04	2.00
17.00	229.83	100.23	9.57	-0.13	2.00
17.00	238.97	99.02	8.76	0.15	2.00
17.50	261.80	51.28	13.97	0.01	1.00
17.50	271.84	50.63	15.81	0.08	1.00
17.50	281.96	48.89	14.01	-0.07	1.00
17.50	226.95	100.37	11.12	0.04	2.00
17.50	235.57	99.87	8.72	-0.10	2.00
17.50	246.60	100.47	10.54	0.12	2.00
18.00	270.55	49.78	14.63	-0.05	1.00
18.00	280.22	49.30	15.16	0.01	1.00
18.00	290.23	49.54	16.31	0.03	1.00
18.00	231.36	100.62	11.89	0.16	2.00
18.00	240.48	100.01	10.17	-0.03	2.00
18.00	249.13	99.90	10.75	-0.15	2.00
18.50	279.18	50.45	14.87	-0.11	1.00
18.50	286.97	49.62	13.56	-0.07	1.00
18.50	297.37	50.32	14.35	0.07	1.00
18.50	234.72	98.76	10.12	0.08	2.00
18.50	245.82	99.66	7.97	0.04	2.00
18.50	254.48	99.72	11.09	-0.04	2.00
19.00	285.05	48.86	15.76	0.06	1.00
19.00	294.20	51.91	14.80	-0.02	1.00
19.00	301.85	50.51	15.88	-0.07	1.00
19.00	239.66	100.12	9.96	-0.05	2.00
19.00	250.22	99.63	8.40	0.03	2.00
19.00	260.07	100.41	10.54	0.14	2.00
19.50	292.89	49.15	15.10	0.09	1.00
19.50	301.20	50.75	15.77	0.02	1.00
19.50	311.92	49.15	16.83	-0.07	1.00
19.50	245.48	99.78	11.74	0.09	2.00
19.50	254.22	98.42	8.61	-0.02	2.00
19.50	264.92	100.30	11.63	-0.05	2.00
20.00	300.44	49.63	15.50	-0.09	1.00
20.00	311.78	49.55	14.67	-0.01	1.00
20.00	321.28	50.87	15.64	-0.08	1.00
20.00	249.55	98.91	10.81	0.01	2.00
20.00	260.03	101.12	9.38	0.07	2.00
20.00	269.16	101.16	12.07	0.07	2.00
